8.46292	0.243462	0	0	8.46292	0.243462	8.6	0.25	-3.00029	0
8.44827	0.251501	-0.209221	0.114847	8.44818	0.251553	8.45	0.25	-3.00027	0
8.44827	0.251501	-0.209221	0.114847	8.56759	0.241943	8.45	0.25	0	0
8.45561	0.254064	0.0681496	0.0272102	8.45582	0.253997	8.45	0.25	0	0
8.45561	0.254064	0.0681496	0.0272102	8.42544	0.254042	8.35	0.25	-1.81979	0
8.27423	0.250383	-1.00551	-0.0107179	8.23962	0.24916	8.25	0.25	-1.81978	0
8.27423	0.250383	-1.00551	-0.0107179	7.93286	0.188391	8.05	0.2	-3.99976	-0.99994
7.94202	0.187073	-1.98927	-0.275029	7.84073	0.159858	7.85	0.15	-3.99972	-0.99993
7.94202	0.187073	-1.98927	-0.275029	7.61269	0.155818	7.7	0.15	-2.99982	0
7.62067	0.159612	-2.42341	-0.274874	7.54016	0.159641	7.55	0.15	-2.99982	0
7.62067	0.159612	-2.42341	-0.274874	7.50815	0.0953827	7.45	0.100001	-1.8165	-0.908239
7.34756	0.0763196	-2.44344	-0.443711	7.3426	0.0345312	7.35	0.0500011	-1.81648	-0.90823
7.34756	0.0763196	-2.44344	-0.443711	7.20598	0.00492725	7.2	9.49949e-07	-2.72851	-0.909507
7.0658	-0.01513	-2.48357	-0.574404	7.05406	-0.0533413	7.05	-0.0499992	-2.72849	-0.909499
7.0658	-0.01513	-2.48357	-0.574404	6.74585	-0.143185	6.95	-0.15	-1.81898	-1.81898
6.82178	-0.170296	-2.39474	-0.855649	6.84972	-0.258748	6.85	-0.25	-1.81896	-1.81897
6.82178	-0.170296	-2.39474	-0.855649	6.66966	-0.346668	6.75	-0.349999	-2.00076	-2.00075
6.61203	-0.356465	-2.30328	-1.16623	6.64329	-0.462604	6.65	-0.449999	-2.00076	-2.00075
6.61203	-0.356465	-2.30328	-1.16623	6.60862	-0.557035	6.6	-0.549999	-0.998836	-1.99769
6.46668	-0.557901	-2.03813	-1.42963	6.56029	-0.650892	6.55	-0.65	-0.99884	-1.99769
6.46668	-0.557901	-2.03813	-1.42963	6.40696	-0.842921	6.5	-0.85	-0.908747	-3.63498
6.34757	-0.879794	-1.71	-1.9431	6.45805	-1.05268	6.45	-1.05	-0.908739	-3.63494
6.34757	-0.879794	-1.71	-1.9431	6.38626	-1.15695	6.35	-1.15	-1.81897	-1.81898
6.20666	-1.17076	-1.56294	-2.18443	6.25499	-1.25007	6.25	-1.25	-1.81896	-1.81896
6.20666	-1.17076	-1.56294	-2.18443	6.43125	-1.48148	6.3	-1.45	0.909739	-3.63894
6.19798	-1.5329	-1.05415	-2.56504	6.36328	-1.65656	6.35	-1.65	0.909727	-3.63891
6.19798	-1.5329	-1.05415	-2.56504	6.3228	-1.81431	6.3	-1.8	-0.999494	-2.9985
6.1668	-1.86736	-0.822212	-2.80799	6.24641	-1.95075	6.25	-1.95	-0.999489	-2.99847
6.1668	-1.86736	-0.822212	-2.80799	6.31851	-2.10969	6.3	-2.1	0.999984	-2.99994
6.20909	-2.19102	-0.433296	-2.94185	6.34644	-2.23829	6.35	-2.25	0.999979	-2.99994
6.20909	-2.19102	-0.433296	-2.94185	6.32593	-2.40018	6.35	-2.4	0	-2.72613
6.25297	-2.53279	-0.147601	-2.9981	6.34927	-2.55175	6.35	-2.55	0	-2.72611
6.25297	-2.53279	-0.147601	-2.9981	6.43125	-2.71878	6.4	-2.7	0.909499	-2.72851
6.33336	-2.85257	0.153706	-2.96736	6.43257	-2.84245	6.45	-2.85	0.909503	-2.72851
6.33336	-2.85257	0.153706	-2.96736	6.46536	-3.00452	6.45	-3	0	-2.99754
6.39321	-3.14955	0.292529	-2.96736	6.44119	-3.14955	6.45	-3.15	0	-2.99754
6.39321	-3.14955	0.292529	-2.96736	6.52249	-3.32007	6.5	-3.3	0.910402	-2.7312
6.48412	-3.46665	0.47587	-2.93979	6.5453	-3.45745	6.55	-3.45	0.910402	-2.7312
6.48412	-3.46665	0.47587	-2.93979	6.6358	-3.59197	6.65	-3.6	1.81722	-2.72583
6.64715	-3.77257	0.820895	-2.88481	6.76011	-3.75457	6.75	-3.75	1.81721	-2.72581
6.64715	-3.77257	0.820895	-2.88481	6.83625	-3.92723	6.8	-3.9	0.907988	-2.72396
6.79845	-4.07425	1.01067	-2.83483	6.85997	-4.05805	6.85	-4.05	0.907976	-2.72393
6.79845	-4.07425	1.01067	-2.83483	6.86943	-4.18507	6.9	-4.2	0.909334	-2.72801
6.92641	-4.36543	1.06305	-2.77073	6.94332	-4.34473	6.95	-4.35	0.90933	-2.72799
6.92641	-4.36543	1.06305	-2.77073	7.05156	-4.49706	7	-4.45	0.910054	-1.8201
7.04211	-4.61017	1.05959	-2.58468	7.04099	-4.55018	7.05	-4.55	0.910054	-1.8201
7.04211	-4.61017	1.05959	-2.58468	7.10252	-4.67934	7.1	-4.7	0.908302	-2.72489
7.15306	-4.87802	1.04183	-2.53259	7.14735	-4.86125	7.15	-4.85	0.908297	-2.72489
7.15306	-4.87802	1.04183	-2.53259	7.3138	-5.05204	7.25	-5	1.81907	-2.72861
7.2859	-5.15525	1.09882	-2.52882	7.30424	-5.15404	7.35	-5.15	1.81907	-2.72861
7.2859	-5.15525	1.09882	-2.52882	7.29446	-5.23429	7.4	-5.3	0.908194	-2.7246
7.42711	-5.44338	1.16183	-2.55898	7.44737	-5.45308	7.45	-5.45	0.90819	-2.72457
7.42711	-5.44338	1.16183	-2.55898	7.63082	-5.61863	7.55	-5.55	1.81974	-1.81974
7.59913	-5.69588	1.29993	-2.4694	7.64356	-5.66706	7.65	-5.65	1.81972	-1.81972
7.59913	-5.69588	1.29993	-2.4694	7.60376	-5.74774	7.7	-5.8	0.90983	-2.72951
7.73811	-5.96053	1.28778	-2.44832	7.7342	-5.95374	7.75	-5.95	0.909826	-2.72948
7.73811	-5.96053	1.28778	-2.44832	7.82165	-6.06822	7.85	-6.1	1.9986	-2.9979
7.91056	-6.2238	1.42378	-2.50533	7.95703	-6.24328	7.95	-6.25	1.99858	-2.99787
7.91056	-6.2238	1.42378	-2.50533	8.17338	-6.44684	8.05	-6.35	1.81738	-1.81739
8.11233	-6.47681	1.56439	-2.43452	8.15891	-6.45335	8.15	-6.45	1.81737	-1.81737
8.11233	-6.47681	1.56439	-2.43452	8.08628	-6.51855	8.2	-6.6	0.909293	-2.72787
8.26937	-6.74621	1.51762	-2.43972	8.25411	-6.74791	8.25	-6.75	0.909293	-2.72787
8.26937	-6.74621	1.51762	-2.43972	8.25648	-6.78122	8.35	-6.85	1.81994	-1.81993
8.44052	-6.98633	1.53125	-2.35246	8.44494	-6.95805	8.45	-6.95	1.81993	-1.81993
8.44052	-6.98633	1.53125	-2.35246	8.39359	-7.01743	8.5	-7.1	1.00006	-3.00018
8.5722	-7.23256	1.46435	-2.38678	8.54925	-7.24433	8.55	-7.25	1.00006	-3.00018
8.5722	-7.23256	1.46435	-2.38678	8.64403	-7.39047	8.65	-7.4	1.99807	-2.99712
8.72678	-7.50507	1.48933	-2.49173	8.73559	-7.5421	8.75	-7.55	1.99808	-2.99712
8.72678	-7.50507	1.48933	-2.49173	8.87176	-7.71912	8.8	-7.65	0.909955	-1.8199
8.86849	-7.76724	1.4208	-2.45534	8.84538	-7.75497	8.85	-7.75	0.909946	-1.81988
8.86849	-7.76724	1.4208	-2.45534	8.88333	-7.88636	8.9	-7.9	0.999086	-2.9973
8.9863	-8.02499	1.34463	-2.49281	8.95966	-8.0381	8.95	-8.05	0.999095	-2.9973
8.9863	-8.02499	1.34463	-2.49281	8.8564	-8.01424	9	-8.15	0.909309	-1.8186
9.09743	-8.27178	1.22997	-2.40745	9.05896	-8.24314	9.05	-8.25	0.909301	-1.81859
9.09743	-8.27178	1.22997	-2.40745	9.17781	-8.47056	9.1	-8.4	1.0004	-3.00119
9.1883	-8.52972	1.12979	-2.46143	9.15332	-8.54857	9.15	-8.55	1.00038	-3.00117
9.1883	-8.52972	1.12979	-2.46143	9.22922	-8.6898	9.2	-8.65	0.909508	-1.819
9.27972	-8.78485	1.02746	-2.41305	9.24541	-8.76863	9.25	-8.75	0.9095	-1.81899
9.27972	-8.78485	1.02746	-2.41305	9.37748	-9.00609	9.35	-8.95	1.99965	-3.99928
9.41338	-9.08702	1.12392	-2.60297	9.44703	-9.15328	9.45	-9.15	1.99964	-3.99928
9.41338	-9.08702	1.12392	-2.60297	9.50096	-9.25642	9.5	-9.25	0.999584	-1.99917
9.53327	-9.34957	1.14722	-2.60965	9.54157	-9.35195	9.55	-9.35	0.999584	-1.99917
9.53327	-9.34957	1.14722	-2.60965	9.47534	-9.42627	9.55	-9.5	0	-3.00023
9.60083	-9.6289	0.999935	-2.66709	9.54779	-9.64959	9.55	-9.65	0	-3.0002
9.60083	-9.6289	0.999935	-2.66709	9.69942	-9.88416	9.6	-9.8	0.999005	-2.997
9.67518	-9.91381	0.919518	-2.72311	9.64606	-9.9341	9.65	-9.95	0.998995	-2.997
9.67518	-9.91381	0.919518	-2.72311	9.60087	-9.96395	9.7	-10.05	0.909855	-1.81969
9.75775	-10.1775	0.861794	-2.61213	9.73801	-10.1396	9.75	-10.15	0.909847	-1.81969
9.75775	-10.1775	0.861794	-2.61213	9.92627	-10.4745	9.75	-10.3	0	-3.00065
9.8017	-10.4551	0.729983	-2.66341	9.75524	-10.4732	9.75	-10.45	0	-3.00063
9.8017	-10.4551	0.729983	-2.66341	9.71825	-10.5087	9.8	-10.6	0.90817	-2.72451
9.86667	-10.7504	0.681883	-2.6698	9.85048	-10.7526	9.85	-10.75	0.908161	-2.72448
9.86667	-10.7504	0.681883	-2.6698	9.88465	-10.9383	9.85	-10.9	0	-2.73074
9.88955	-11.0424	0.519624	-2.66556	9.83614	-11.041	9.85	-11.05	0	-2.73073
9.88955	-11.0424	0.519624	-2.66556	9.83952	-11.1692	9.85	-11.2	0	-2.99965
9.89542	-11.3285	0.375722	-2.72654	9.84568	-11.3496	9.85	-11.35	0	-2.99961
9.89542	-11.3285	0.375722	-2.72654	9.87961	-11.5637	9.85	-11.5	0	-2.99843
9.8851	-11.6153	0.226057	-2.7701	9.83206	-11.6307	9.85	-11.65	0	-2.99843
9.8851	-11.6153	0.226057	-2.7701	9.85311	-11.8523	9.8	-11.75	-1.0003	-2.00061
9.83305	-11.8696	-0.00711449	-2.69946	9.74928	-11.8442	9.75	-11.85	-1.00029	-2.00059
9.83305	-11.8696	-0.00711449	-2.69946	9.69694	-11.9706	9.7	-12	-1.0004	-3.00119
9.74841	-12.1442	-0.269243	-2.71453	9.65354	-12.1497	9.65	-12.15	-1.00039	-3.00116
9.74841	-12.1442	-0.269243	-2.71453	9.72311	-12.3964	9.6	-12.25	-0.999885	-1.99981
9.64049	-12.3839	-0.522215	-2.61515	9.54859	-12.3478	9.55	-12.35	-0.999884	-1.99979
9.64049	-12.3839	-0.522215	-2.61515	9.39039	-12.3902	9.45	-12.45	-1.99803	-1.99805
9.4818	-12.6009	-0.854605	-2.47542	9.36086	-12.5501	9.35	-12.55	-1.99804	-1.99804
9.4818	-12.6009	-0.854605	-2.47542	9.34456	-12.7106	9.3	-12.65	-0.909773	-1.81953
9.3074	-12.819	-1.1057	-2.30694	9.22134	-12.7613	9.25	-12.75	-0.909773	-1.81954
9.3074	-12.819	-1.1057	-2.30694	9.15326	-13.0031	9.05	-12.85	-3.99257	-1.99629
9.02764	-13.0034	-1.63348	-2.16084	8.84161	-12.9519	8.85	-12.95	-3.99253	-1.99627
9.02764	-13.0034	-1.63348	-2.16084	8.71632	-12.9613	8.75	-13	-1.8213	-0.910651
8.75827	-13.1444	-1.9143	-1.86041	8.66358	-13.0431	8.65	-13.05	-1.8213	-0.910651
8.75827	-13.1444	-1.9143	-1.86041	8.54518	-13.1702	8.5	-13.1	-2.997	-0.999005
8.46674	-13.247	-2.22629	-1.5993	8.35763	-13.1557	8.35	-13.15	-2.997	-0.998995
8.46674	-13.247	-2.22629	-1.5993	8.22926	-13.1698	8.2	-13.15	-2.72741	0
8.13097	-13.2902	-2.50989	-1.18522	8.03583	-13.1513	8.05	-13.15	-2.72742	0
8.13097	-13.2902	-2.50989	-1.18522	7.82914	-13.0525	7.9	-13.15	-2.72986	0
7.81081	-13.2941	-2.64813	-0.791298	7.76538	-13.1647	7.75	-13.15	-2.72986	0
7.81081	-13.2941	-2.64813	-0.791298	7.66146	-13.3079	7.6	-13.2	-2.9979	-0.999304
7.49867	-13.3148	-2.79528	-0.608581	7.44786	-13.2517	7.45	-13.25	-2.9979	-0.999304
7.49867	-13.3148	-2.79528	-0.608581	7.21108	-13.0985	7.3	-13.25	-2.72846	0
7.17602	-13.3113	-2.84301	-0.389123	7.16011	-13.2382	7.15	-13.25	-2.72844	0
7.17602	-13.3113	-2.84301	-0.389123	6.88472	-12.9588	7	-13.2	-2.99784	0.999284
6.87109	-13.2539	-2.90678	-0.0882476	6.84891	-13.1493	6.85	-13.15	-2.99784	0.999284
6.87109	-13.2539	-2.90678	-0.0882476	6.77424	-13.2337	6.7	-13.1	-2.72787	0.909275
6.55443	-13.1679	-2.89735	0.210562	6.55759	-13.0679	6.55	-13.05	-2.72787	0.909284
6.55443	-13.1679	-2.89735	0.210562	6.40137	-13.0799	6.4	-13.05	-2.72678	0
6.24856	-13.0995	-2.85715	0.351313	6.26174	-13.0534	6.25	-13.05	-2.72678	0
6.24856	-13.0995	-2.85715	0.351313	6.10143	-13.0076	6.1	-13	-2.72966	0.909888
5.93824	-13.0055	-2.84563	0.524053	5.94198	-12.9494	5.95	-12.95	-2.72963	0.90988
5.93824	-13.0055	-2.84563	0.524053	5.79854	-12.8478	5.8	-12.85	-2.99777	1.99851
5.65231	-12.8485	-2.84924	0.850353	5.65107	-12.7365	5.65	-12.75	-2.99778	1.99852
5.65231	-12.8485	-2.84924	0.850353	5.50547	-12.5721	5.55	-12.7	-1.81798	0.908995
5.38774	-12.7044	-2.69677	1.00808	5.43839	-12.652	5.45	-12.65	-1.81799	0.908995
5.38774	-12.7044	-2.69677	1.00808	5.27506	-12.4782	5.3	-12.55	-2.72627	1.81753
5.11066	-12.5315	-2.63543	1.20127	5.1307	-12.4684	5.15	-12.45	-2.72625	1.8175
5.11066	-12.5315	-2.63543	1.20127	5.04446	-12.3808	5.05	-12.35	-1.8199	1.81989
4.87516	-12.3251	-2.46676	1.43315	4.92985	-12.2499	4.95	-12.25	-1.81991	1.8199
4.87516	-12.3251	-2.46676	1.43315	4.75061	-11.9803	4.85	-12.15	-1.99928	1.99929
4.69154	-12.1261	-2.26968	1.60666	4.75915	-12.0666	4.75	-12.05	-1.99928	1.99928
4.69154	-12.1261	-2.26968	1.60666	4.69113	-11.9084	4.7	-11.9	-0.908236	2.72471
4.54096	-11.8485	-1.95988	1.92088	4.64378	-11.7442	4.65	-11.75	-0.908231	2.7247
4.54096	-11.8485	-1.95988	1.92088	4.59746	-11.6205	4.6	-11.65	-0.909847	1.81971
4.43661	-11.6043	-1.61363	2.024	4.54975	-11.5706	4.55	-11.55	-0.909843	1.81969
4.43661	-11.6043	-1.61363	2.024	4.47442	-11.3673	4.5	-11.35	-1.0008	4.0032
4.35497	-11.2804	-1.36517	2.40365	4.44059	-11.1496	4.45	-11.15	-1.0008	4.00321
4.35497	-11.2804	-1.36517	2.40365	4.43713	-11.024	4.45	-11.05	0	1.81614
4.32572	-10.9737	-0.98744	2.5349	4.45136	-10.93	4.45	-10.95	0	1.81612
4.32572	-10.9737	-0.98744	2.5349	4.44745	-10.786	4.45	-10.8	0	2.72555
4.33632	-10.6704	-0.6155	2.61047	4.45788	-10.6457	4.45	-10.65	0	2.72554
4.33632	-10.6704	-0.6155	2.61047	4.46329	-10.5756	4.45	-10.5	0	2.729
4.35416	-10.3609	-0.349028	2.68058	4.44057	-10.3382	4.45	-10.35	0	2.72898
4.35416	-10.3609	-0.349028	2.68058	4.51895	-10.2367	4.5	-10.2	0.908962	2.72687
4.43215	-10.055	0.0136408	2.71495	4.54925	-10.0439	4.55	-10.05	0.908954	2.72685
4.43215	-10.055	0.0136408	2.71495	4.63224	-9.9707	4.6	-9.9	0.909756	2.72927
4.53538	-9.75305	0.330575	2.7259	4.63755	-9.74952	4.65	-9.75	0.909752	2.72926
4.53538	-9.75305	0.330575	2.7259	4.60757	-9.4335	4.7	-9.6	0.90859	2.72578
4.65871	-9.45696	0.601455	2.71367	4.74589	-9.4609	4.75	-9.45	0.908586	2.72576
4.65871	-9.45696	0.601455	2.71367	4.89179	-9.39473	4.85	-9.3	1.81967	2.72952
4.83649	-9.1487	0.949398	2.74483	4.94849	-9.13867	4.95	-9.15	1.81967	2.72951
4.83649	-9.1487	0.949398	2.74483	4.95209	-8.96272	5	-9.05	0.999884	1.99977
4.98455	-8.91077	1.11514	2.63067	5.04121	-8.94979	5.05	-8.95	0.999874	1.99974
4.98455	-8.91077	1.11514	2.63067	5.20806	-8.88942	5.15	-8.8	1.81805	2.72708
5.1867	-8.62838	1.36304	2.60878	5.26887	-8.63564	5.25	-8.65	1.81803	2.72705
5.1867	-8.62838	1.36304	2.60878	5.3785	-8.56768	5.35	-8.55	1.99956	1.99957
5.38334	-8.39622	1.55132	2.51894	5.44864	-8.42738	5.45	-8.45	1.99954	1.99954
5.38334	-8.39622	1.55132	2.51894	5.56465	-8.44845	5.5	-8.35	0.909045	1.81807
5.54647	-8.18007	1.52783	2.32879	5.53862	-8.24357	5.55	-8.25	0.909045	1.81808
5.54647	-8.18007	1.52783	2.32879	5.64921	-8.02513	5.7	-8.1	2.72608	2.72608
5.78206	-7.93973	1.73815	2.27908	5.85094	-7.95601	5.85	-7.95	2.72606	2.72606
5.78206	-7.93973	1.73815	2.27908	5.93492	-7.84119	5.95	-7.85	1.81801	1.81801
6.01632	-7.71217	1.87234	2.2069	6.05986	-7.73559	6.05	-7.75	1.81802	1.81801
6.01632	-7.71217	1.87234	2.2069	6.13741	-7.63243	6.15	-7.65	1.81798	1.81798
6.23939	-7.50625	1.92559	2.09201	6.25659	-7.54336	6.25	-7.55	1.81798	1.81798
6.23939	-7.50625	1.92559	2.09201	6.39143	-7.46358	6.35	-7.45	1.82027	1.82027
6.45148	-7.32018	1.9272	1.95559	6.452	-7.36418	6.45	-7.35	1.82025	1.82025
6.45148	-7.32018	1.9272	1.95559	6.47916	-7.09783	6.6	-7.25	2.99862	1.99908
6.69812	-7.1349	2.09519	1.92322	6.7556	-7.14598	6.75	-7.15	2.99862	1.99908
6.69812	-7.1349	2.09519	1.92322	6.68682	-6.93297	6.8	-7.05	0.908005	1.816
6.89676	-6.93501	1.99501	1.88606	6.86356	-6.94732	6.85	-6.95	0.908	1.81601
6.89676	-6.93501	1.99501	1.88606	7.08741	-6.92602	7	-6.85	2.72856	1.81904
7.13635	-6.7394	2.05813	1.84941	7.15695	-6.75136	7.15	-6.75	2.72854	1.81902
7.13635	-6.7394	2.05813	1.84941	7.29976	-6.68807	7.25	-6.65	1.8202	1.8202
7.35879	-6.54832	2.04659	1.81159	7.35505	-6.56058	7.35	-6.55	1.82018	1.82018
7.35879	-6.54832	2.04659	1.81159	7.53544	-6.5372	7.5	-6.5	2.99964	0.999884
7.60847	-6.414	2.18701	1.66534	7.65664	-6.46417	7.65	-6.45	2.99964	0.999884
7.60847	-6.414	2.18701	1.66534	7.67559	-6.34628	7.75	-6.4	1.81709	0.908549
7.85053	-6.29346	2.19122	1.46958	7.85193	-6.35845	7.85	-6.35	1.81709	0.908545
7.85053	-6.29346	2.19122	1.46958	8.03231	-6.28406	8	-6.25	2.72931	1.81954
8.11422	-6.13883	2.26241	1.44806	8.13749	-6.14586	8.15	-6.15	2.72928	1.81952
8.11422	-6.13883	2.26241	1.44806	8.21488	-6.01843	8.25	-6.05	1.99977	1.99976
8.33845	-5.97123	2.25605	1.51916	8.33626	-5.94674	8.35	-5.95	1.99977	1.99976
8.33845	-5.97123	2.25605	1.51916	8.50318	-5.89335	8.5	-5.9	2.72796	0.909326
8.62207	-5.83307	2.36683	1.42897	8.65894	-5.86309	8.65	-5.85	2.72796	0.909321
8.62207	-5.83307	2.36683	1.42897	8.77185	-5.74314	8.75	-5.75	1.81776	1.81775
8.8686	-5.65945	2.32353	1.4801	8.85444	-5.64273	8.85	-5.65	1.81774	1.81773
8.8686	-5.65945	2.32353	1.4801	9.02394	-5.6024	8.95	-5.55	1.99657	1.99656
9.07702	-5.48354	2.24759	1.56637	9.05088	-5.45385	9.05	-5.45	1.99654	1.99655
9.07702	-5.48354	2.24759	1.56637	9.04088	-5.29691	9.2	-5.4	2.72728	0.909094
9.33308	-5.3186	2.2751	1.54343	9.34223	-5.32623	9.35	-5.35	2.72727	0.90909
9.33308	-5.3186	2.2751	1.54343	9.39579	-5.21659	9.45	-5.25	1.81816	1.81815
9.56833	-5.14046	2.2283	1.56948	9.55303	-5.13194	9.55	-5.15	1.81813	1.81813
9.56833	-5.14046	2.2283	1.56948	9.75019	-5.14652	9.65	-5.05	1.82036	1.82036
9.78603	-4.94979	2.14377	1.62633	9.7586	-4.93134	9.75	-4.95	1.82036	1.82037
9.78603	-4.94979	2.14377	1.62633	9.9198	-4.86941	9.85	-4.85	1.81578	1.81577
9.98938	-4.75715	2.04162	1.66838	9.95641	-4.74358	9.95	-4.75	1.81575	1.81575
9.98938	-4.75715	2.04162	1.66838	10.0029	-4.54771	10.05	-4.6	1.82039	2.7306
10.1783	-4.51266	1.93145	1.85904	10.1428	-4.45119	10.15	-4.45	1.8204	2.7306
10.1783	-4.51266	1.93145	1.85904	10.1981	-4.26556	10.25	-4.3	1.81769	2.72652
10.3776	-4.23587	1.89032	2.0841	10.3644	-4.16342	10.35	-4.15	1.81768	2.7265
10.3776	-4.23587	1.89032	2.0841	10.5985	-4.12247	10.45	-4.05	1.81792	1.81792
10.5636	-3.97603	1.82169	2.1793	10.5415	-3.9454	10.55	-3.95	1.8179	1.8179
10.5636	-3.97603	1.82169	2.1793	10.7092	-3.85166	10.65	-3.85	1.81903	1.81904
10.7627	-3.74321	1.81816	2.15813	10.7616	-3.75002	10.75	-3.75	1.81902	1.81903
10.7627	-3.74321	1.81816	2.15813	10.795	-3.60617	10.8	-3.6	0.909773	2.72931
10.9077	-3.48384	1.6472	2.22713	10.8527	-3.46164	10.85	-3.45	0.909764	2.72928
10.9077	-3.48384	1.6472	2.22713	10.9584	-3.30584	10.95	-3.3	1.99953	2.99928
11.059	-3.21028	1.60526	2.38565	11.0447	-3.1561	11.05	-3.15	1.9995	2.99925
11.059	-3.21028	1.60526	2.38565	11.1178	-2.98807	11.1	-3	0.907725	2.72317
11.19	-2.90722	1.46227	2.51117	11.1427	-2.86566	11.15	-2.85	0.907708	2.72314
11.19	-2.90722	1.46227	2.51117	11.1491	-2.68183	11.2	-2.7	0.908929	2.72678
11.3021	-2.59235	1.31012	2.63148	11.2525	-2.55311	11.25	-2.55	0.908929	2.72678
11.3021	-2.59235	1.31012	2.63148	11.1188	-2.36202	11.2	-2.4	-0.909276	2.72782
11.3035	-2.27957	0.865255	2.70433	11.1594	-2.25598	11.15	-2.25	-0.909276	2.72782
11.3035	-2.27957	0.865255	2.70433	11.2029	-2.09837	11.25	-2.1	1.81915	2.72871
11.3756	-1.97009	0.793653	2.7422	11.3525	-1.95787	11.35	-1.95	1.81913	2.72869
11.3756	-1.97009	0.793653	2.7422	11.3011	-1.79507	11.35	-1.8	0	2.73035
11.3979	-1.6696	0.591261	2.73968	11.3326	-1.67041	11.35	-1.65	0	2.73033
11.3979	-1.6696	0.591261	2.73968	11.0622	-1.44342	11.3	-1.5	-0.999165	2.99748
11.3615	-1.37739	0.293075	2.79586	11.2595	-1.35818	11.25	-1.35	-0.999155	2.99745
11.3615	-1.37739	0.293075	2.79586	11.1658	-1.23674	11.2	-1.25	-0.909822	1.81964
11.2751	-1.11331	-0.0768146	2.66106	11.1524	-1.15803	11.15	-1.15	-0.909822	1.81964
11.2751	-1.11331	-0.0768146	2.66106	10.8534	-0.929069	11.05	-0.95	-1.99817	3.99632
11.1191	-0.790204	-0.540035	2.83827	10.9584	-0.728742	10.95	-0.75	-1.99816	3.99632
11.1191	-0.790204	-0.540035	2.83827	10.8608	-0.663121	10.9	-0.649999	-0.908549	1.8171
10.9642	-0.514653	-0.83775	2.7233	10.8648	-0.553034	10.85	-0.549999	-0.908532	1.81708
10.9642	-0.514653	-0.83775	2.7233	10.8451	-0.437482	10.75	-0.45	-1.8174	1.81738
10.7642	-0.280526	-1.17376	2.51887	10.6542	-0.347474	10.65	-0.35	-1.8174	1.81738
10.7642	-0.280526	-1.17376	2.51887	10.5062	-0.245062	10.5	-0.25	-2.72796	1.81864
10.4903	-0.0768334	-1.62522	2.29037	10.3438	-0.150982	10.35	-0.15	-2.72796	1.81864
10.4903	-0.0768334	-1.62522	2.29037	10.4884	-0.0812124	10.25	-0.0999996	-1.81964	0.909826
10.233	0.0637258	-1.87047	1.94393	10.1537	-0.0482457	10.15	-0.0499992	-1.81963	0.909818
10.233	0.0637258	-1.87047	1.94393	9.92588	0.00395802	10	9.49949e-07	-2.73049	0.910169
9.94233	0.156558	-2.13569	1.56771	9.85676	0.0351738	9.85	0.0500011	-2.73047	0.910161
9.94233	0.156558	-2.13569	1.56771	9.63973	0.0585714	9.7	0.0500011	-2.72439	0
9.62704	0.183547	-2.3853	1.11396	9.54669	0.0374948	9.55	0.0500011	-2.72438	0
9.62704	0.183547	-2.3853	1.11396	9.32242	0.112393	9.4	0.100001	-2.72773	0.90923
9.30465	0.229911	-2.57237	0.876705	9.24446	0.153574	9.25	0.15	-2.7277	0.909222
9.30465	0.229911	-2.57237	0.876705	9.0614	0.20077	9.1	0.2	-2.72652	0.908843
8.9846	0.293356	-2.68767	0.773832	8.94752	0.260272	8.95	0.25	-2.72653	0.908843
8.9846	0.293356	-2.68767	0.773832	8.90199	0.247143	8.85	0.25	-1.81847	0
8.72455	0.321165	-2.57694	0.595316	8.76016	0.263752	8.75	0.25	-1.81846	0
8.72455	0.321165	-2.57694	0.595316	8.46355	0.258809	8.55	0.25	-3.6326	0
8.39726	0.319697	-2.71257	0.386514	8.35367	0.252596	8.35	0.25	-3.6326	0
8.39726	0.319697	-2.71257	0.386514	8.05161	0.241868	8.2	0.25	-2.72841	0
8.07657	0.305088	-2.78243	0.208595	8.05411	0.247878	8.05	0.25	-2.72842	0
8.07657	0.305088	-2.78243	0.208595	7.78653	0.205765	7.9	0.2	-2.72708	-0.909025
7.75695	0.236112	-2.82459	-0.0777924	7.74339	0.144028	7.75	0.15	-2.72705	-0.909016
7.75695	0.236112	-2.82459	-0.0777924	7.77346	0.0969346	7.6	0.100001	-2.73169	-0.910554
7.45018	0.136519	-2.8139	-0.361466	7.45362	0.0452052	7.45	0.0500011	-2.73169	-0.910554
7.45018	0.136519	-2.8139	-0.361466	7.15329	0.0425189	7.3	0.0500011	-2.99789	0
7.16742	0.0657067	-2.81754	-0.469562	7.16618	0.0287673	7.15	0.0500011	-2.9979	0
7.16742	0.0657067	-2.81754	-0.469562	7.17215	-0.0469302	7.05	-0.0499995	-1.81811	-1.81813
6.90507	-0.0655096	-2.6691	-0.717739	6.95426	-0.147757	6.95	-0.15	-1.8181	-1.81811
6.90507	-0.0655096	-2.6691	-0.717739	6.83008	-0.250179	6.85	-0.25	-1.81646	-1.81646
6.68693	-0.244106	-2.43295	-1.02817	6.76395	-0.345347	6.75	-0.35	-1.81645	-1.81645
6.68693	-0.244106	-2.43295	-1.02817	6.74798	-0.457727	6.65	-0.45	-1.81901	-1.819
6.48226	-0.461015	-2.23711	-1.35186	6.54569	-0.565853	6.55	-0.549999	-1.81899	-1.81898
6.48226	-0.461015	-2.23711	-1.35186	6.565	-0.754748	6.5	-0.749999	-0.909789	-3.63914
6.34256	-0.774727	-1.90622	-1.86636	6.4494	-0.940848	6.45	-0.949999	-0.909781	-3.63911
6.34256	-0.774727	-1.90622	-1.86636	6.44213	-1.11266	6.4	-1.1	-1.0002	-3.00061
6.24483	-1.10637	-1.61647	-2.319	6.34405	-1.26138	6.35	-1.25	-1.0002	-3.00061
6.24483	-1.10637	-1.61647	-2.319	6.39474	-1.36501	6.3	-1.35	-1.00035	-2.00072
6.16427	-1.38154	-1.36339	-2.4544	6.25356	-1.42931	6.25	-1.45	-1.00036	-2.00072
6.16427	-1.38154	-1.36339	-2.4544	6.24787	-1.61119	6.25	-1.6	0	-2.99288
6.12577	-1.68697	-1.05676	-2.63994	6.23547	-1.75335	6.25	-1.75	0	-2.99285
6.12577	-1.68697	-1.05676	-2.63994	6.41111	-1.93027	6.3	-1.9	0.909739	-2.72921
6.17423	-2.01432	-0.543021	-2.75593	6.34873	-2.05372	6.35	-2.05	0.909735	-2.72921
6.17423	-2.01432	-0.543021	-2.75593	6.53066	-2.26346	6.35	-2.2	0	-2.72782
6.23991	-2.32802	-0.151903	-2.78899	6.36917	-2.33894	6.35	-2.35	0	-2.72779
6.23991	-2.32802	-0.151903	-2.78899	6.27034	-2.51837	6.35	-2.55	0	-3.63689
6.28256	-2.68394	0.0331222	-2.9423	6.34287	-2.73391	6.35	-2.75	0	-3.63689
6.28256	-2.68394	0.0331222	-2.9423	6.45883	-2.92313	6.4	-2.9	0.908854	-2.72658
6.3621	-3.035	0.269648	-3.02746	6.43866	-3.06257	6.45	-3.05	0.908859	-2.72658
6.3621	-3.035	0.269648	-3.02746	6.49154	-3.20004	6.5	-3.2	0.908863	-2.72658
6.4636	-3.35514	0.49345	-2.98706	6.53579	-3.34211	6.55	-3.35	0.908855	-2.72655
6.4636	-3.35514	0.49345	-2.98706	6.70146	-3.53446	6.6	-3.5	0.908714	-2.72613
6.58214	-3.66169	0.69357	-2.91798	6.64657	-3.63945	6.65	-3.65	0.908702	-2.72611
6.58214	-3.66169	0.69357	-2.91798	6.70956	-3.81739	6.7	-3.8	0.909565	-2.72871
6.70356	-3.9731	0.834286	-2.8887	6.74885	-3.96368	6.75	-3.95	0.909561	-2.72869
6.70356	-3.9731	0.834286	-2.8887	6.73758	-4.06653	6.8	-4.1	0.908566	-2.72568
6.82664	-4.27286	0.931674	-2.83205	6.85796	-4.25464	6.85	-4.25	0.908561	-2.72569
6.82664	-4.27286	0.931674	-2.83205	7.10395	-4.49091	6.95	-4.4	1.81821	-2.72732
6.9879	-4.57078	1.1148	-2.78968	7.04679	-4.55716	7.05	-4.55	1.81822	-2.72732
6.9879	-4.57078	1.1148	-2.78968	7.02393	-4.64459	7.1	-4.7	0.91085	-2.73253
7.1223	-4.86606	1.15221	-2.75541	7.13435	-4.85502	7.15	-4.85	0.910837	-2.73251
7.1223	-4.86606	1.15221	-2.75541	7.24619	-4.97656	7.2	-4.95	1.00033	-2.00068
7.24507	-5.09533	1.17589	-2.61131	7.25317	-5.04605	7.25	-5.05	1.00033	-2.00066
7.24507	-5.09533	1.17589	-2.61131	7.22054	-5.09604	7.35	-5.2	1.9976	-2.9964
7.39768	-5.35272	1.28481	-2.59863	7.43604	-5.34825	7.45	-5.35	1.9976	-2.9964
7.39768	-5.35272	1.28481	-2.59863	7.40989	-5.38617	7.5	-5.45	0.908252	-1.8165
7.54767	-5.60386	1.31142	-2.48949	7.55662	-5.56714	7.55	-5.55	0.908244	-1.81648
7.54767	-5.60386	1.31142	-2.48949	7.39379	-5.52612	7.65	-5.7	1.81785	-2.72677
7.72782	-5.86035	1.42327	-2.43521	7.76459	-5.8425	7.75	-5.85	1.81785	-2.72677
7.72782	-5.86035	1.42327	-2.43521	7.84699	-6.00602	7.8	-5.95	0.909078	-1.81815
7.87188	-6.0869	1.38431	-2.30639	7.85921	-6.04502	7.85	-6.05	0.909073	-1.81815
7.87188	-6.0869	1.38431	-2.30639	7.89511	-6.1416	7.95	-6.2	1.8197	-2.72955
8.04004	-6.35036	1.43422	-2.33746	8.05619	-6.36041	8.05	-6.35	1.81969	-2.72953
8.04004	-6.35036	1.43422	-2.33746	8.2234	-6.53735	8.15	-6.5	1.8187	-2.72807
8.22604	-6.62791	1.52232	-2.40133	8.25446	-6.64851	8.25	-6.65	1.81869	-2.72804
8.22604	-6.62791	1.52232	-2.40133	8.32206	-6.77114	8.3	-6.75	0.908979	-1.81795
8.35546	-6.86604	1.40376	-2.32017	8.31728	-6.8399	8.35	-6.85	0.908979	-1.81795
8.35546	-6.86604	1.40376	-2.32017	8.2713	-6.91098	8.4	-7	0.909094	-2.72732
8.4759	-7.13746	1.29791	-2.37068	8.44183	-7.15372	8.45	-7.15	0.909102	-2.72732
8.4759	-7.13746	1.29791	-2.37068	8.54154	-7.25975	8.55	-7.3	1.81751	-2.72628
8.63883	-7.43408	1.36058	-2.48205	8.65899	-7.4699	8.65	-7.45	1.81752	-2.72628
8.63883	-7.43408	1.36058	-2.48205	8.83598	-7.68162	8.7	-7.55	0.908615	-1.81723
8.77814	-7.67412	1.32807	-2.37883	8.76769	-7.64094	8.75	-7.65	0.908607	-1.81721
8.77814	-7.67412	1.32807	-2.37883	8.77916	-7.72457	8.85	-7.8	1.8215	-2.73224
8.9403	-7.94342	1.37897	-2.40408	8.95669	-7.95155	8.95	-7.95	1.82148	-2.73221
8.9403	-7.94342	1.37897	-2.40408	9.1081	-8.22433	9	-8.1	0.999025	-2.99707
9.06693	-8.21216	1.34336	-2.49174	9.05476	-8.24211	9.05	-8.25	0.999015	-2.99704
9.06693	-8.21216	1.34336	-2.49174	9.13825	-8.4037	9.1	-8.35	0.908285	-1.81657
9.17815	-8.46845	1.22894	-2.43545	9.14025	-8.44981	9.15	-8.45	0.908268	-1.81655
9.17815	-8.46845	1.22894	-2.43545	9.22081	-8.59155	9.2	-8.6	0.91012	-2.73036
9.28202	-8.74827	1.1318	-2.47355	9.25031	-8.76071	9.25	-8.75	0.910112	-2.73033
9.28202	-8.74827	1.1318	-2.47355	9.30208	-8.90831	9.3	-8.9	0.909524	-2.72856
9.37554	-9.03299	1.03543	-2.5133	9.34431	-9.04587	9.35	-9.05	0.909524	-2.72856
9.37554	-9.03299	1.03543	-2.5133	9.39993	-9.18842	9.4	-9.2	0.999066	-2.99725
9.46276	-9.32677	0.984202	-2.64507	9.4452	-9.37195	9.45	-9.35	0.999075	-2.99724
9.46276	-9.32677	0.984202	-2.64507	9.48751	-9.46421	9.5	-9.5	0.909706	-2.7291
9.56114	-9.63244	0.953603	-2.69158	9.55098	-9.64789	9.55	-9.65	0.909706	-2.7291
9.56114	-9.63244	0.953603	-2.69158	9.57122	-9.75525	9.6	-9.8	1.00048	-3.00143
9.64093	-9.92067	0.905105	-2.75151	9.62408	-9.94149	9.65	-9.95	1.00046	-3.00141
9.64093	-9.92067	0.905105	-2.75151	9.61433	-9.96417	9.7	-10.05	0.998785	-1.99755
9.73826	-10.1744	0.926063	-2.68345	9.7457	-10.1502	9.75	-10.15	0.998775	-1.99754
9.73826	-10.1744	0.926063	-2.68345	9.77731	-10.3295	9.75	-10.3	0	-2.72851
9.80383	-10.46	0.812952	-2.65412	9.76557	-10.4501	9.75	-10.45	0	-2.72849
9.80383	-10.46	0.812952	-2.65412	9.89592	-10.7137	9.8	-10.6	0.909012	-2.72704
9.87226	-10.7528	0.747446	-2.65674	9.85066	-10.7537	9.85	-10.75	0.909012	-2.72703
9.87226	-10.7528	0.747446	-2.65674	9.84397	-10.9287	9.85	-10.9	0	-3.00318
9.90368	-11.0341	0.612427	-2.7062	9.85693	-11.0512	9.85	-11.05	0	-3.00316
9.90368	-11.0341	0.612427	-2.7062	9.74773	-11.0482	9.85	-11.2	0	-3.00013
9.90759	-11.3293	0.433381	-2.78297	9.84407	-11.3565	9.85	-11.35	0	-3.00012
9.90759	-11.3293	0.433381	-2.78297	9.79495	-11.4686	9.85	-11.5	0	-2.99592
9.89841	-11.6262	0.269143	-2.84003	9.83943	-11.6467	9.85	-11.65	0	-2.99592
9.89841	-11.6262	0.269143	-2.84003	9.76634	-11.6976	9.8	-11.75	-0.908731	-1.81746
9.84056	-11.8962	-0.00379038	-2.70736	9.74774	-11.8511	9.75	-11.85	-0.908731	-1.81746
9.84056	-11.8962	-0.00379038	-2.70736	9.7856	-12.1262	9.7	-12	-0.909591	-2.72875
9.744	-12.1701	-0.303652	-2.6331	9.64482	-12.1455	9.65	-12.15	-0.909582	-2.72873
9.744	-12.1701	-0.303652	-2.6331	9.57233	-12.2948	9.6	-12.3	-0.908879	-2.72667
9.63177	-12.459	-0.549367	-2.63083	9.55167	-12.4583	9.55	-12.45	-0.908879	-2.72665
9.63177	-12.459	-0.549367	-2.63083	9.37132	-12.4833	9.45	-12.55	-1.82006	-1.82006
9.46571	-12.6993	-0.878757	-2.47849	9.359	-12.6499	9.35	-12.65	-1.82005	-1.82005
9.46571	-12.6993	-0.878757	-2.47849	9.16109	-12.6848	9.2	-12.75	-3.00047	-2.00033
9.20888	-12.8923	-1.40608	-2.30762	9.028	-12.8337	9.05	-12.85	-3.00048	-2.00033
9.20888	-12.8923	-1.40608	-2.30762	8.85918	-12.7953	8.95	-12.9	-1.81543	-0.907707
8.95008	-13.059	-1.73016	-2.03455	8.84257	-12.9684	8.85	-12.95	-1.81542	-0.907708
8.95008	-13.059	-1.73016	-2.03455	8.66865	-13.0114	8.7	-13.05	-2.73134	-1.82089
8.65759	-13.2141	-2.04959	-1.82151	8.55319	-13.1445	8.55	-13.15	-2.73135	-1.82089
8.65759	-13.2141	-2.04959	-1.82151	8.27267	-12.996	8.4	-13.15	-2.99683	0
8.3595	-13.2771	-2.33963	-1.44886	8.25965	-13.1488	8.25	-13.15	-2.9968	0
8.3595	-13.2771	-2.33963	-1.44886	8.04571	-13.0646	8.1	-13.2	-2.72707	-0.909028
8.0316	-13.3454	-2.55961	-1.16463	7.95841	-13.2508	7.95	-13.25	-2.72705	-0.90902
8.0316	-13.3454	-2.55961	-1.16463	7.86599	-13.4154	7.8	-13.25	-2.7295	0
7.6882	-13.3623	-2.75312	-0.818347	7.62489	-13.249	7.65	-13.25	-2.7295	0
7.6882	-13.3623	-2.75312	-0.818347	7.50783	-13.2944	7.5	-13.25	-2.99994	0
7.37869	-13.3494	-2.85986	-0.522518	7.3419	-13.2474	7.35	-13.25	-2.99994	0
7.37869	-13.3494	-2.85986	-0.522518	7.19781	-13.1973	7.2	-13.2	-2.72698	0.908995
7.05685	-13.286	-2.88238	-0.145685	7.04935	-13.1606	7.05	-13.15	-2.72695	0.908987
7.05685	-13.286	-2.88238	-0.145685	6.79473	-13.0433	6.85	-13.15	-3.63709	0
6.69598	-13.2319	-3.01917	0.0729766	6.65123	-13.1604	6.65	-13.15	-3.63709	0
6.69598	-13.2319	-3.01917	0.0729766	6.54114	-13.2079	6.5	-13.1	-3.0006	1.00018
6.37439	-13.1355	-3.08074	0.351209	6.35317	-13.0396	6.35	-13.05	-3.0006	1.00019
6.37439	-13.1355	-3.08074	0.351209	6.27012	-13.1139	6.25	-13.05	-1.81729	0
6.08894	-13.0724	-2.91355	0.42735	6.14459	-13.0471	6.15	-13.05	-1.81729	0
6.08894	-13.0724	-2.91355	0.42735	5.99498	-12.9442	6	-12.95	-2.72861	1.81906
5.81573	-12.934	-2.76664	0.712358	5.86379	-12.8408	5.85	-12.85	-2.72861	1.81907
5.81573	-12.934	-2.76664	0.712358	5.73761	-12.8672	5.7	-12.8	-2.99988	0.999964
5.54489	-12.8078	-2.7484	0.884093	5.55118	-12.7486	5.55	-12.75	-2.99985	0.999954
5.54489	-12.8078	-2.7484	0.884093	5.45236	-12.7392	5.45	-12.7	-2.00001	1
5.31067	-12.6828	-2.62155	0.998433	5.35556	-12.6423	5.35	-12.65	-1.99998	0.999994
5.31067	-12.6828	-2.62155	0.998433	5.26451	-12.5511	5.25	-12.55	-1.99732	1.99733
5.09038	-12.5133	-2.48965	1.21542	5.13769	-12.4355	5.15	-12.45	-1.9973	1.9973
5.09038	-12.5133	-2.48965	1.21542	5.1317	-12.5744	5.05	-12.35	-1.8206	1.82059
4.87869	-12.3138	-2.29677	1.42126	4.94432	-12.2438	4.95	-12.25	-1.82058	1.82058
4.87869	-12.3138	-2.29677	1.42126	4.89215	-12.1623	4.85	-12.1	-1.9998	2.99969
4.69736	-12.0697	-2.14571	1.73967	4.75047	-11.9578	4.75	-11.95	-1.9998	2.9997
4.69736	-12.0697	-2.14571	1.73967	4.6421	-11.7788	4.7	-11.85	-1.00002	2.00003
4.55689	-11.8275	-1.91426	1.95282	4.63967	-11.7513	4.65	-11.75	-1.00001	2.00002
4.55689	-11.8275	-1.91426	1.95282	4.58347	-11.632	4.6	-11.6	-0.998955	2.99688
4.45974	-11.55	-1.61918	2.20903	4.56619	-11.4576	4.55	-11.45	-0.99896	2.99689
4.45974	-11.55	-1.61918	2.20903	4.46846	-11.2092	4.5	-11.3	-1.00106	3.00319
4.37401	-11.2418	-1.38175	2.48258	4.46017	-11.1425	4.45	-11.15	-1.00106	3.00319
4.37401	-11.2418	-1.38175	2.48258	4.43672	-11.0976	4.45	-11.05	0	1.8168
4.32646	-10.9608	-1.05545	2.50671	4.43803	-10.9525	4.45	-10.95	0	1.81679
4.32646	-10.9608	-1.05545	2.50671	4.40556	-10.7068	4.45	-10.8	0	3.00139
4.33238	-10.6872	-0.707452	2.57865	4.45507	-10.6618	4.45	-10.65	0	3.00138
4.33238	-10.6872	-0.707452	2.57865	4.44716	-10.5583	4.45	-10.55	0	2.00041
4.35142	-10.4352	-0.427028	2.56043	4.45187	-10.4417	4.45	-10.45	0	2.00038
4.35142	-10.4352	-0.427028	2.56043	4.45602	-10.2142	4.5	-10.3	0.999584	2.99875
4.42373	-10.158	-0.0677312	2.62608	4.55349	-10.1343	4.55	-10.15	0.999574	2.99871
4.42373	-10.158	-0.0677312	2.62608	4.56608	-10.005	4.55	-10	0	2.72717
4.4855	-9.85562	0.14831	2.66822	4.55922	-9.84124	4.55	-9.85	0	2.72714
4.4855	-9.85562	0.14831	2.66822	4.62339	-9.6559	4.65	-9.7	1.8193	2.72895
4.62086	-9.54898	0.519654	2.70975	4.7439	-9.53522	4.75	-9.55	1.81929	2.72894
4.62086	-9.54898	0.519654	2.70975	4.74852	-9.27389	4.8	-9.4	1.00006	3.00019
4.75529	-9.26022	0.777139	2.76532	4.8446	-9.24095	4.85	-9.25	1.00005	3.00015
4.75529	-9.26022	0.777139	2.76532	4.98605	-9.20516	4.95	-9.15	2.00004	2.00005
4.92301	-9.00596	1.05825	2.69577	5.02283	-9.03066	5.05	-9.05	2.00004	2.00004
4.92301	-9.00596	1.05825	2.69577	5.12819	-8.95913	5.1	-8.9	0.999704	2.99911
5.08173	-8.73368	1.22337	2.70397	5.14109	-8.73073	5.15	-8.75	0.999689	2.99907
5.08173	-8.73368	1.22337	2.70397	5.33883	-8.81618	5.25	-8.65	1.81848	1.81849
5.28794	-8.50018	1.44702	2.50459	5.36408	-8.56805	5.35	-8.55	1.81846	1.81846
5.28794	-8.50018	1.44702	2.50459	5.38848	-8.31037	5.45	-8.4	2.00068	3.00103
5.48318	-8.25083	1.60498	2.50138	5.53874	-8.25196	5.55	-8.25	2.00066	3.00099
5.48318	-8.25083	1.60498	2.50138	5.56632	-8.04704	5.65	-8.15	1.99952	1.99953
5.69198	-8.02487	1.75573	2.42565	5.7459	-8.05196	5.75	-8.05	1.9995	1.9995
5.69198	-8.02487	1.75573	2.42565	5.78426	-7.91676	5.8	-7.95	0.999944	1.99989
5.8592	-7.8289	1.72962	2.28008	5.84978	-7.88144	5.85	-7.85	0.999939	1.99988
5.8592	-7.8289	1.72962	2.28008	5.92249	-7.69769	5.95	-7.75	1.99772	1.99772
6.03609	-7.62252	1.74126	2.21169	6.04031	-7.64732	6.05	-7.65	1.99771	1.9977
6.03609	-7.62252	1.74126	2.21169	6.16773	-7.55437	6.15	-7.55	1.8199	1.8199
6.23287	-7.41506	1.75818	2.10062	6.23866	-7.45306	6.25	-7.45	1.8199	1.81991
6.23287	-7.41506	1.75818	2.10062	6.25322	-7.17734	6.4	-7.35	2.99605	1.99736
6.47829	-7.22584	1.97482	2.03467	6.55461	-7.24907	6.55	-7.25	2.99605	1.99736
6.47829	-7.22584	1.97482	2.03467	6.67172	-7.23041	6.65	-7.2	1.8206	0.910303
6.72029	-7.0773	2.05301	1.80069	6.74664	-7.15616	6.75	-7.15	1.8206	0.910298
6.72029	-7.0773	2.05301	1.80069	6.79888	-6.99594	6.85	-7.05	1.99848	1.99848
6.93898	-6.92761	2.09432	1.70542	6.95342	-6.96092	6.95	-6.95	1.99846	1.99846
6.93898	-6.92761	2.09432	1.70542	7.17955	-6.9446	7.1	-6.85	2.72688	1.81792
7.20843	-6.7332	2.21614	1.72658	7.24929	-6.7261	7.25	-6.75	2.72688	1.81792
7.20843	-6.7332	2.21614	1.72658	7.42782	-6.72337	7.35	-6.65	1.81821	1.81821
7.4577	-6.54582	2.23327	1.71866	7.46332	-6.54842	7.45	-6.55	1.81821	1.81821
7.4577	-6.54582	2.23327	1.71866	7.54452	-6.5069	7.55	-6.5	1.81726	0.908632
7.67876	-6.41041	2.15621	1.55116	7.65373	-6.46481	7.65	-6.45	1.81726	0.908632
7.67876	-6.41041	2.15621	1.55116	7.8635	-6.45394	7.8	-6.4	2.72951	0.909839
7.92864	-6.29209	2.19637	1.38858	7.94162	-6.34466	7.95	-6.35	2.72948	0.909826
7.92864	-6.29209	2.19637	1.38858	7.89525	-6.11857	8.05	-6.25	2.00047	2.00048
8.1363	-6.14874	2.15917	1.40273	8.12355	-6.14389	8.15	-6.15	2.00048	2.00048
8.1363	-6.14874	2.15917	1.40273	8.31423	-6.05705	8.3	-6.05	2.72702	1.81801
8.4128	-5.9832	2.28073	1.43773	8.45315	-5.97158	8.45	-5.95	2.727	1.818
8.4128	-5.9832	2.28073	1.43773	8.53167	-5.90349	8.55	-5.9	2.00127	1.00064
8.64137	-5.83683	2.28274	1.44612	8.64207	-5.83392	8.65	-5.85	2.00128	1.00064
8.64137	-5.83683	2.28274	1.44612	8.88764	-5.82241	8.8	-5.75	2.99963	1.99976
8.90422	-5.66999	2.39065	1.5155	8.94256	-5.64534	8.95	-5.65	2.99961	1.99974
8.90422	-5.66999	2.39065	1.5155	9.21669	-5.64514	9.05	-5.55	1.99699	1.997
9.14825	-5.48727	2.40503	1.61216	9.15342	-5.45253	9.15	-5.45	1.997	1.99701
9.14825	-5.48727	2.40503	1.61216	9.16723	-5.29709	9.25	-5.35	1.8166	1.81659
9.38174	-5.27408	2.30736	1.72356	9.34852	-5.23619	9.35	-5.25	1.8166	1.81659
9.38174	-5.27408	2.30736	1.72356	9.39027	-5.1041	9.45	-5.15	1.8222	1.82219
9.58928	-5.06639	2.1648	1.78128	9.54207	-5.04728	9.55	-5.05	1.82219	1.82219
9.58928	-5.06639	2.1648	1.78128	9.62802	-5.02338	9.65	-5	1.99604	0.998028
9.77919	-4.91432	2.08051	1.69883	9.75	-4.94288	9.75	-4.95	1.99605	0.998028
9.77919	-4.91432	2.08051	1.69883	9.88102	-4.86216	9.85	-4.85	1.81895	1.81894
9.97712	-4.74465	1.98434	1.64544	9.94502	-4.76247	9.95	-4.75	1.81894	1.81894
9.97712	-4.74465	1.98434	1.64544	10.0747	-4.62454	10.05	-4.6	1.81966	2.72951
10.1671	-4.50915	1.89671	1.81583	10.1384	-4.4533	10.15	-4.45	1.81965	2.72948
10.1671	-4.50915	1.89671	1.81583	10.1743	-4.32841	10.25	-4.35	1.81908	1.81907
10.3625	-4.28468	1.85573	1.89319	10.3492	-4.25956	10.35	-4.25	1.81908	1.81907
10.3625	-4.28468	1.85573	1.89319	10.56	-4.15868	10.45	-4.1	2.00061	3.0009
10.5517	-4.03022	1.86729	2.09667	10.5557	-3.96034	10.55	-3.95	2.0006	3.0009
10.5517	-4.03022	1.86729	2.09667	10.7738	-3.89129	10.65	-3.85	1.99963	1.99964
10.7389	-3.78614	1.86864	2.20404	10.7394	-3.74821	10.75	-3.75	1.99962	1.99962
10.7389	-3.78614	1.86864	2.20404	10.7674	-3.58281	10.8	-3.6	0.999844	2.99952
10.8946	-3.50395	1.77106	2.39692	10.8596	-3.4348	10.85	-3.45	0.999834	2.99949
10.8946	-3.50395	1.77106	2.39692	10.9601	-3.36033	10.95	-3.35	2.00065	2.00064
11.0617	-3.2582	1.73991	2.41606	11.0504	-3.25128	11.05	-3.25	2.00064	2.00064
11.0617	-3.2582	1.73991	2.41606	11.0282	-3.07488	11.1	-3.1	0.998546	2.99563
11.1989	-2.98237	1.62422	2.52185	11.1569	-2.944	11.15	-2.95	0.998526	2.9956
11.1989	-2.98237	1.62422	2.52185	11.1386	-2.78926	11.15	-2.8	0	2.73104
11.2631	-2.679	1.26772	2.60409	11.141	-2.65084	11.15	-2.65	0	2.73102
11.2631	-2.679	1.26772	2.60409	11.1042	-2.54354	11.15	-2.55	0	1.81785
11.2783	-2.4252	0.880137	2.50208	11.1497	-2.45904	11.15	-2.45	0	1.81785
11.2783	-2.4252	0.880137	2.50208	11.1658	-2.25651	11.25	-2.25	1.99733	3.99465
11.3629	-2.11568	0.869194	2.6862	11.3591	-2.05184	11.35	-2.05	1.99733	3.99465
11.3629	-2.11568	0.869194	2.6862	11.3117	-1.92025	11.35	-1.95	0	1.81854
11.4056	-1.84281	0.704053	2.61586	11.3504	-1.8663	11.35	-1.85	0	1.81853
11.4056	-1.84281	0.704053	2.61586	11.4185	-1.70062	11.35	-1.7	0	2.72762
11.4206	-1.5437	0.50943	2.6514	11.3568	-1.53205	11.35	-1.55	0	2.72762
11.4206	-1.5437	0.50943	2.6514	11.2541	-1.38373	11.3	-1.4	-0.908846	2.72653
11.3604	-1.2472	0.147263	2.66625	11.2429	-1.24238	11.25	-1.25	-0.908846	2.72653
11.3604	-1.2472	0.147263	2.66625	11.0754	-1.08747	11.15	-1.1	-1.82014	2.73021
11.2161	-0.940696	-0.352917	2.70841	11.0544	-0.927069	11.05	-0.949999	-1.82013	2.73021
11.2161	-0.940696	-0.352917	2.70841	10.9247	-0.791254	11	-0.799999	-1.00036	3.00107
11.0661	-0.655699	-0.710927	2.75288	10.9434	-0.640459	10.95	-0.65	-1.00035	3.00104
11.0661	-0.655699	-0.710927	2.75288	10.7146	-0.485949	10.85	-0.5	-2.00003	3.00006
10.8771	-0.371905	-1.07924	2.77946	10.7471	-0.362528	10.75	-0.35	-2.00002	3.00003
10.8771	-0.371905	-1.07924	2.77946	10.6895	-0.304531	10.65	-0.3	-1.81779	0.908892
10.6553	-0.163873	-1.40069	2.47435	10.547	-0.266677	10.55	-0.25	-1.81778	0.908893
10.6553	-0.163873	-1.40069	2.47435	10.5032	-0.154501	10.4	-0.15	-3.00061	2.00041
10.3878	0.0208759	-1.79882	2.27874	10.2485	-0.0475524	10.25	-0.0499992	-3.0006	2.00041
10.3878	0.0208759	-1.79882	2.27874	10.1407	-0.0721585	10.15	-0.0499992	-1.99645	0
10.1242	0.106696	-2.0594	1.83377	10.0313	-0.0518611	10.05	-0.0499992	-1.99644	0
10.1242	0.106696	-2.0594	1.83377	10.0898	-0.00166396	9.9	9.49949e-07	-2.73175	0.910584
9.82461	0.180996	-2.28837	1.4372	9.74695	0.0464954	9.75	0.0500011	-2.73174	0.910584
9.82461	0.180996	-2.28837	1.4372	9.50401	0.0833188	9.6	0.100001	-2.99544	0.998471
9.52995	0.241177	-2.49283	1.17565	9.45825	0.149456	9.45	0.15	-2.99545	0.998471
9.52995	0.241177	-2.49283	1.17565	9.22819	0.16178	9.35	0.15	-1.81963	0
9.25039	0.257848	-2.51019	0.824492	9.24456	0.139817	9.25	0.15	-1.81962	0
9.25039	0.257848	-2.51019	0.824492	9.0729	0.205961	9.1	0.2	-3.00059	1.0002
8.98191	0.297555	-2.56486	0.691078	8.96281	0.250937	8.95	0.25	-3.0006	1.0002
8.98191	0.297555	-2.56486	0.691078	8.84168	0.257617	8.8	0.25	-2.99995	0
8.6926	0.309269	-2.66737	0.511808	8.65606	0.24536	8.65	0.25	-2.99994	0
8.6926	0.309269	-2.66737	0.511808	8.43549	0.247188	8.5	0.25	-2.99323	0
8.38599	0.308872	-2.79005	0.350343	8.34184	0.250769	8.35	0.25	-2.9932	0
8.38599	0.308872	-2.79005	0.350343	8.27073	0.243988	8.2	0.25	-2.73233	0
8.0597	0.30538	-2.8523	0.21941	8.03847	0.260731	8.05	0.25	-2.73234	0
8.0597	0.30538	-2.8523	0.21941	7.98053	0.204587	7.9	0.2	-3.00234	-1.00078
7.75496	0.242482	-2.91391	-0.0454877	7.73327	0.149199	7.75	0.15	-3.00231	-1.00077
7.75496	0.242482	-2.91391	-0.0454877	7.46173	0.143776	7.6	0.15	-2.99599	0
7.4591	0.196064	-2.92664	-0.17625	7.45455	0.149294	7.45	0.15	-2.99596	0
7.4591	0.196064	-2.92664	-0.17625	7.37986	0.0951006	7.35	0.100001	-1.81801	-0.908998
7.20027	0.117605	-2.72965	-0.360582	7.26713	0.055036	7.25	0.0500011	-1.81801	-0.908998
7.20027	0.117605	-2.72965	-0.360582	7.32548	-0.0461763	7.1	-0.0499995	-2.72495	-1.81664
6.91528	-0.0261733	-2.68121	-0.685184	6.93127	-0.133333	6.95	-0.15	-2.72492	-1.81662
6.91528	-0.0261733	-2.68121	-0.685184	7.09668	-0.264116	6.9	-0.25	-0.910634	-1.82126
6.73346	-0.221134	-2.33012	-1.05839	6.84796	-0.34284	6.85	-0.35	-0.910622	-1.82124
6.73346	-0.221134	-2.33012	-1.05839	6.64638	-0.45061	6.7	-0.45	-2.99641	-1.99759
6.52311	-0.428208	-2.25854	-1.37396	6.54772	-0.536719	6.55	-0.549999	-2.99637	-1.99757
6.52311	-0.428208	-2.25854	-1.37396	6.50462	-0.718	6.5	-0.7	-0.909955	-2.72986
6.36304	-0.712914	-1.98362	-1.79106	6.45451	-0.851695	6.45	-0.85	-0.909955	-2.72986
6.36304	-0.712914	-1.98362	-1.79106	6.42547	-0.999512	6.4	-1	-0.999224	-2.99766
6.25608	-1.02179	-1.69773	-2.19579	6.3554	-1.1624	6.35	-1.15	-0.99921	-2.99763
6.25608	-1.02179	-1.69773	-2.19579	6.14523	-1.27904	6.3	-1.3	-0.908722	-2.72618
6.1479	-1.35663	-1.45237	-2.48657	6.2299	-1.45381	6.25	-1.45	-0.908718	-2.72616
6.1479	-1.35663	-1.45237	-2.48657	6.37158	-1.60661	6.3	-1.6	0.910485	-2.73144
6.16453	-1.68986	-0.903122	-2.67403	6.34473	-1.75136	6.35	-1.75	0.910481	-2.73144
6.16453	-1.68986	-0.903122	-2.67403	6.34	-1.88987	6.35	-1.9	0	-2.99515
6.21096	-1.99679	-0.475855	-2.79605	6.35828	-2.03886	6.35	-2.05	0	-2.99515
6.21096	-1.99679	-0.475855	-2.79605	6.45002	-2.23466	6.35	-2.2	0	-2.72856
6.24786	-2.32213	-0.197533	-2.85197	6.34057	-2.34076	6.35	-2.35	0	-2.72854
6.24786	-2.32213	-0.197533	-2.85197	6.4979	-2.56206	6.4	-2.5	0.908227	-2.7247
6.33829	-2.64329	0.152205	-2.87421	6.45265	-2.65056	6.45	-2.65	0.908223	-2.72467
6.33829	-2.64329	0.152205	-2.87421	6.46538	-2.81029	6.45	-2.8	0	-2.72732
6.40606	-2.94979	0.311239	-2.84412	6.45762	-2.94003	6.45	-2.95	0	-2.7273
6.40606	-2.94979	0.311239	-2.84412	6.36717	-3.08903	6.5	-3.15	0.909078	-3.6363
6.49174	-3.30074	0.471528	-2.9628	6.54349	-3.33906	6.55	-3.35	0.90907	-3.63626
6.49174	-3.30074	0.471528	-2.9628	6.6454	-3.53435	6.6	-3.5	0.910038	-2.7301
6.59968	-3.64843	0.646424	-3.03171	6.65608	-3.67065	6.65	-3.65	0.910033	-2.7301
6.59968	-3.64843	0.646424	-3.03171	6.70981	-3.81998	6.7	-3.8	0.908095	-2.7243
6.7075	-3.97066	0.760544	-2.9955	6.74422	-3.95901	6.75	-3.95	0.908091	-2.72428
6.7075	-3.97066	0.760544	-2.9955	6.72525	-4.05329	6.8	-4.1	0.910949	-2.73284
6.81454	-4.27703	0.833912	-2.92552	6.83817	-4.25449	6.85	-4.25	0.910945	-2.73284
6.81454	-4.27703	0.833912	-2.92552	6.86491	-4.32753	6.9	-4.35	0.999834	-1.99968
6.92254	-4.51363	0.910674	-2.75075	6.94879	-4.45387	6.95	-4.45	0.999829	-1.99966
6.92254	-4.51363	0.910674	-2.75075	6.99339	-4.57763	7.05	-4.6	1.99653	-2.99479
7.07551	-4.77825	1.10349	-2.71659	7.14339	-4.76622	7.15	-4.75	1.99653	-2.99479
7.07551	-4.77825	1.10349	-2.71659	7.11889	-4.79341	7.2	-4.85	1.00098	-2.00196
7.22024	-5.00129	1.21125	-2.56553	7.25883	-4.94719	7.25	-4.95	1.00097	-2.00194
7.22024	-5.00129	1.21125	-2.56553	7.28536	-5.09276	7.3	-5.1	0.90969	-2.72906
7.34653	-5.2667	1.18983	-2.51368	7.33925	-5.24908	7.35	-5.25	0.909677	-2.72904
7.34653	-5.2667	1.18983	-2.51368	7.33914	-5.30864	7.45	-5.4	1.99976	-2.99964
7.50576	-5.535	1.31547	-2.56647	7.5499	-5.55354	7.55	-5.55	1.99976	-2.99964
7.50576	-5.535	1.31547	-2.56647	7.59167	-5.64447	7.6	-5.65	1.00038	-2.00076
7.64084	-5.76416	1.32665	-2.48092	7.64483	-5.73357	7.65	-5.75	1.00037	-2.00074
7.64084	-5.76416	1.32665	-2.48092	7.6402	-5.81769	7.75	-5.9	1.81659	-2.7249
7.81462	-6.04396	1.41315	-2.50168	7.84396	-6.051	7.85	-6.05	1.81659	-2.7249
7.81462	-6.04396	1.41315	-2.50168	7.91394	-6.15143	7.9	-6.15	0.909251	-1.81851
7.96025	-6.28977	1.38265	-2.41023	7.95018	-6.25957	7.95	-6.25	0.909247	-1.81849
7.96025	-6.28977	1.38265	-2.41023	8.10134	-6.38026	8.05	-6.35	1.81576	-1.81577
8.13556	-6.50714	1.45438	-2.26026	8.15891	-6.45832	8.15	-6.45	1.81577	-1.81577
8.13556	-6.50714	1.45438	-2.26026	8.3424	-6.65648	8.25	-6.6	1.8218	-2.73269
8.31389	-6.75086	1.51255	-2.24651	8.33273	-6.74641	8.35	-6.75	1.8218	-2.73269
8.31389	-6.75086	1.51255	-2.24651	8.46635	-6.96022	8.4	-6.9	0.907987	-2.72401
8.46219	-7.01866	1.4556	-2.31002	8.44383	-7.03914	8.45	-7.05	0.907988	-2.72398
8.46219	-7.01866	1.4556	-2.31002	8.53661	-7.23635	8.5	-7.2	0.910054	-2.73014
8.58994	-7.32033	1.35527	-2.45906	8.55761	-7.36836	8.55	-7.35	0.910046	-2.73012
8.58994	-7.32033	1.35527	-2.45906	8.70486	-7.48959	8.65	-7.45	1.99827	-1.99828
8.74054	-7.56108	1.40195	-2.44231	8.7565	-7.55536	8.75	-7.55	1.99828	-1.99828
8.74054	-7.56108	1.40195	-2.44231	8.74707	-7.66927	8.8	-7.7	0.909061	-2.72717
8.87291	-7.84163	1.33378	-2.47936	8.85031	-7.85391	8.85	-7.85	0.909053	-2.72715
8.87291	-7.84163	1.33378	-2.47936	8.88546	-7.96913	8.9	-8	0.908945	-2.72688
8.98555	-8.13897	1.22746	-2.55597	8.95085	-8.16397	8.95	-8.15	0.908953	-2.72687
8.98555	-8.13897	1.22746	-2.55597	9.03618	-8.239	9.05	-8.25	1.82026	-1.82027
9.13587	-8.38412	1.27564	-2.44475	9.15149	-8.34807	9.15	-8.35	1.82025	-1.82026
9.13587	-8.38412	1.27564	-2.44475	9.14011	-8.44049	9.2	-8.5	0.999884	-2.99963
9.24682	-8.63921	1.22375	-2.47776	9.22902	-8.65053	9.25	-8.65	0.999874	-2.9996
9.24682	-8.63921	1.22375	-2.47776	9.23666	-8.722	9.3	-8.8	0.999284	-2.99783
9.36676	-8.91783	1.21586	-2.57356	9.36398	-8.95164	9.35	-8.95	0.999284	-2.99784
9.36676	-8.91783	1.21586	-2.57356	9.47823	-9.13791	9.4	-9.05	0.909209	-1.81844
9.46953	-9.17974	1.11924	-2.50757	9.43696	-9.1575	9.45	-9.15	0.90921	-1.81843
9.46953	-9.17974	1.11924	-2.50757	9.44585	-9.27158	9.5	-9.3	0.908483	-2.72543
9.56613	-9.45387	1.0363	-2.50168	9.53884	-9.45193	9.55	-9.45	0.908475	-2.72542
9.56613	-9.45387	1.0363	-2.50168	9.6872	-9.68187	9.6	-9.6	0.909756	-2.72927
9.67647	-9.74328	1.02516	-2.54664	9.67284	-9.75791	9.65	-9.75	0.909739	-2.72923
9.67647	-9.74328	1.02516	-2.54664	9.86489	-10.0711	9.7	-9.9	0.998626	-2.99586
9.76368	-10.0217	0.976961	-2.61955	9.74713	-10.0467	9.75	-10.05	0.998616	-2.99584
9.76368	-10.0217	0.976961	-2.61955	9.75497	-10.1932	9.75	-10.2	0	-2.72857
9.81016	-10.3358	0.786872	-2.70105	9.74697	-10.3629	9.75	-10.35	0	-2.72854
9.81016	-10.3358	0.786872	-2.70105	9.77249	-10.4428	9.8	-10.5	0.909773	-2.7293
9.87979	-10.6394	0.734324	-2.72189	9.86261	-10.6462	9.85	-10.65	0.909773	-2.7293
9.87979	-10.6394	0.734324	-2.72189	9.86786	-10.8223	9.85	-10.8	0	-2.72846
9.90333	-10.9397	0.556028	-2.7252	9.8455	-10.9408	9.85	-10.95	0	-2.72844
9.90333	-10.9397	0.556028	-2.7252	9.84594	-11.0973	9.85	-11.1	0	-2.72748
9.90019	-11.2438	0.355687	-2.73859	9.83549	-11.2481	9.85	-11.25	0	-2.72745
9.90019	-11.2438	0.355687	-2.73859	9.8926	-11.4631	9.85	-11.4	0	-2.9967
9.90464	-11.5427	0.258446	-2.81595	9.87136	-11.5692	9.85	-11.55	0	-2.99671
9.90464	-11.5427	0.258446	-2.81595	9.89882	-11.7746	9.8	-11.7	-0.909227	-2.72768
9.84186	-11.8573	-0.026041	-2.83106	9.74749	-11.8623	9.75	-11.85	-0.909218	-2.72765
9.84186	-11.8573	-0.026041	-2.83106	9.75738	-12.0161	9.7	-12	-0.908714	-2.72613
9.74734	-12.1601	-0.311773	-2.80397	9.65408	-12.1513	9.65	-12.15	-0.908706	-2.7261
9.74734	-12.1601	-0.311773	-2.80397	9.60373	-12.2428	9.6	-12.25	-0.909639	-1.81931
9.62699	-12.4022	-0.580039	-2.59775	9.54006	-12.3354	9.55	-12.35	-0.90964	-1.8193
9.62699	-12.4022	-0.580039	-2.59775	9.38815	-12.3607	9.45	-12.45	-1.81824	-1.81825
9.45715	-12.6131	-0.910455	-2.36432	9.35049	-12.5377	9.35	-12.55	-1.81823	-1.81823
9.45715	-12.6131	-0.910455	-2.36432	9.33568	-12.8372	9.2	-12.65	-2.72578	-1.81718
9.20228	-12.8131	-1.39233	-2.17697	9.04708	-12.7528	9.05	-12.75	-2.72576	-1.81717
9.20228	-12.8131	-1.39233	-2.17697	8.97697	-12.8161	8.95	-12.85	-1.8192	-1.81921
8.94928	-12.9975	-1.70368	-2.0056	8.84904	-12.9423	8.85	-12.95	-1.81921	-1.81921
8.94928	-12.9975	-1.70368	-2.0056	8.64934	-12.9537	8.7	-13.05	-2.72781	-1.81854
8.65504	-13.1839	-2.03662	-1.89912	8.5479	-13.1496	8.55	-13.15	-2.7278	-1.81853
8.65504	-13.1839	-2.03662	-1.89912	8.43462	-13.263	8.4	-13.15	-2.72644	0
8.34556	-13.2707	-2.30263	-1.51857	8.26001	-13.1483	8.25	-13.15	-2.72641	0
8.34556	-13.2707	-2.30263	-1.51857	8.10139	-13.1447	8.1	-13.15	-3.00083	0
8.03601	-13.2951	-2.55025	-1.12112	7.95138	-13.1593	7.95	-13.15	-3.00084	0
8.03601	-13.2951	-2.55025	-1.12112	7.85182	-13.2702	7.8	-13.2	-2.72553	-0.908516
7.69897	-13.3432	-2.72597	-0.886196	7.64076	-13.2654	7.65	-13.25	-2.72554	-0.908516
7.69897	-13.3432	-2.72597	-0.886196	7.51359	-13.2891	7.5	-13.2	-2.72544	0.908483
7.37844	-13.2925	-2.7898	-0.423851	7.35762	-13.1417	7.35	-13.15	-2.72544	0.908483
7.37844	-13.2925	-2.7898	-0.423851	7.19553	-13.2012	7.2	-13.15	-2.73035	0
7.06248	-13.2481	-2.81919	-0.140462	7.05296	-13.1563	7.05	-13.15	-2.73035	0
7.06248	-13.2481	-2.81919	-0.140462	6.87644	-13.2105	6.85	-13.15	-3.63616	0
6.71229	-13.2002	-2.94401	0.0571076	6.672	-13.1364	6.65	-13.15	-3.63617	0
6.71229	-13.2002	-2.94401	0.0571076	6.53838	-13.1322	6.55	-13.15	-1.81656	0
6.42854	-13.1763	-2.81822	0.11183	6.46904	-13.1587	6.45	-13.15	-1.81657	0
6.42854	-13.1763	-2.81822	0.11183	6.22921	-13.0167	6.3	-13.1	-2.73109	0.910352
6.13807	-13.0981	-2.75872	0.317311	6.15723	-13.0319	6.15	-13.05	-2.73109	0.91036
6.13807	-13.0981	-2.75872	0.317311	5.95573	-12.8757	6	-12.95	-2.72331	1.81553
5.84563	-12.9528	-2.72301	0.661015	5.85711	-12.8423	5.85	-12.85	-2.72331	1.81554
5.84563	-12.9528	-2.72301	0.661015	5.73901	-12.8863	5.7	-12.8	-2.72842	0.909475
5.55106	-12.8179	-2.70794	0.854796	5.5559	-12.7556	5.55	-12.75	-2.72839	0.909466
5.55106	-12.8179	-2.70794	0.854796	5.41889	-12.699	5.4	-12.65	-2.731	1.82067
5.24521	-12.6355	-2.73404	1.13064	5.23681	-12.5467	5.25	-12.55	-2.731	1.82066
5.24521	-12.6355	-2.73404	1.13064	5.16911	-12.5003	5.15	-12.45	-1.81821	1.8182
4.99697	-12.4331	-2.57048	1.37386	5.04959	-12.3548	5.05	-12.35	-1.8182	1.8182
4.99697	-12.4331	-2.57048	1.37386	4.99996	-12.3538	4.95	-12.25	-1.99957	1.99957
4.80269	-12.2211	-2.37442	1.60648	4.86969	-12.1416	4.85	-12.15	-1.99954	1.99955
4.80269	-12.2211	-2.37442	1.60648	4.83937	-12.0439	4.8	-12.05	-0.999954	1.99993
4.66428	-12.0005	-2.06509	1.79375	4.77326	-11.9345	4.75	-11.95	-0.999959	1.99992
4.66428	-12.0005	-2.06509	1.79375	4.5839	-11.6711	4.65	-11.8	-2.0002	3.00031
4.4973	-11.7326	-1.94168	2.07026	4.54148	-11.6336	4.55	-11.65	-2.0002	3.0003
4.4973	-11.7326	-1.94168	2.07026	4.53697	-11.5591	4.55	-11.55	0	1.99749
4.42017	-11.4922	-1.57532	2.17381	4.55238	-11.4548	4.55	-11.45	0	1.99746
4.42017	-11.4922	-1.57532	2.17381	4.47604	-11.2089	4.5	-11.25	-0.90916	3.63662
4.34832	-11.1565	-1.25879	2.47502	4.45629	-11.0538	4.45	-11.05	-0.909152	3.63659
4.34832	-11.1565	-1.25879	2.47502	4.39651	-10.8822	4.45	-10.95	0	1.81807
4.33241	-10.8755	-0.876516	2.50245	4.45899	-10.8664	4.45	-10.85	0	1.81808
4.33241	-10.8755	-0.876516	2.50245	4.493	-10.7885	4.45	-10.7	0	2.72865
4.33743	-10.5776	-0.560427	2.57346	4.44058	-10.5544	4.45	-10.55	0	2.72864
4.33743	-10.5776	-0.560427	2.57346	4.44399	-10.3941	4.45	-10.4	0	2.72392
4.35793	-10.2706	-0.304182	2.64676	4.44086	-10.2469	4.45	-10.25	0	2.72391
4.35793	-10.2706	-0.304182	2.64676	4.53204	-10.1814	4.5	-10.1	0.909624	2.72885
4.4359	-9.96345	0.0429616	2.69723	4.54793	-9.94716	4.55	-9.95	0.909615	2.72884
4.4359	-9.96345	0.0429616	2.69723	4.57622	-9.70975	4.6	-9.8	0.909111	2.72733
4.54195	-9.65284	0.358634	2.74058	4.64364	-9.63888	4.65	-9.65	0.909107	2.72732
4.54195	-9.65284	0.358634	2.74058	4.76627	-9.54952	4.75	-9.5	1.81921	2.7288
4.7043	-9.36103	0.741611	2.71104	4.82761	-9.37054	4.85	-9.35	1.81921	2.7288
4.7043	-9.36103	0.741611	2.71104	4.89701	-9.18082	4.9	-9.2	0.908739	2.72622
4.86375	-9.05179	0.984137	2.74503	4.94177	-9.04086	4.95	-9.05	0.908743	2.72623
4.86375	-9.05179	0.984137	2.74503	5.09012	-9.06486	5.05	-8.95	1.8169	1.81688
5.05523	-8.79707	1.24317	2.59719	5.1385	-8.8446	5.15	-8.85	1.81688	1.81688
5.05523	-8.79707	1.24317	2.59719	5.21345	-8.63875	5.25	-8.7	1.8201	2.73014
5.26509	-8.52946	1.47142	2.54179	5.33853	-8.54729	5.35	-8.55	1.82008	2.73013
5.26509	-8.52946	1.47142	2.54179	5.35874	-8.39385	5.4	-8.45	0.910244	1.82049
5.44441	-8.3053	1.52646	2.37018	5.46213	-8.36055	5.45	-8.35	0.910249	1.8205
5.44441	-8.3053	1.52646	2.37018	5.63723	-8.3352	5.55	-8.2	1.99657	2.99484
5.61732	-8.06396	1.58886	2.38242	5.63863	-8.05978	5.65	-8.05	1.99657	2.99485
5.61732	-8.06396	1.58886	2.38242	5.69655	-7.84304	5.75	-7.95	1.81871	1.81872
5.81736	-7.82646	1.66784	2.30603	5.84353	-7.85177	5.85	-7.85	1.81871	1.81871
5.81736	-7.82646	1.66784	2.30603	5.9537	-7.7033	6	-7.75	2.72961	1.81974
6.07195	-7.61737	1.8901	2.16773	6.14453	-7.66253	6.15	-7.65	2.72961	1.81974
6.07195	-7.61737	1.8901	2.16773	6.27	-7.55894	6.25	-7.55	1.9992	1.9992
6.29843	-7.42048	2.0068	2.1054	6.3386	-7.44193	6.35	-7.45	1.99918	1.99918
6.29843	-7.42048	2.0068	2.1054	6.44365	-7.32743	6.45	-7.35	1.81911	1.81911
6.53398	-7.22236	2.05334	2.00132	6.54947	-7.257	6.55	-7.25	1.81909	1.81909
6.53398	-7.22236	2.05334	2.00132	6.71635	-7.22979	6.65	-7.15	1.99996	1.99996
6.7455	-7.02698	2.07262	1.98646	6.7522	-7.03215	6.75	-7.05	1.99996	1.99996
6.7455	-7.02698	2.07262	1.98646	6.81357	-6.96259	6.85	-7	1.99752	0.998765
6.95183	-6.87907	2.06891	1.82723	6.95051	-6.93564	6.95	-6.95	1.99752	0.998765
6.95183	-6.87907	2.06891	1.82723	7.00414	-6.76319	7.1	-6.85	2.73035	1.82023
7.21638	-6.71602	2.18509	1.70955	7.25571	-6.75585	7.25	-6.75	2.73035	1.82023
7.21638	-6.71602	2.18509	1.70955	7.28718	-6.59248	7.35	-6.65	2.0006	2.0006
7.43227	-6.54689	2.1771	1.70399	7.42947	-6.54884	7.45	-6.55	2.00058	2.00058
7.43227	-6.54689	2.1771	1.70399	7.58756	-6.53752	7.55	-6.5	1.99841	0.999204
7.65133	-6.40798	2.18075	1.6052	7.65263	-6.44325	7.65	-6.45	1.99838	0.999195
7.65133	-6.40798	2.18075	1.6052	7.78988	-6.37954	7.8	-6.4	2.99952	0.999844
7.91064	-6.29096	2.30945	1.46926	7.95705	-6.33998	7.95	-6.35	2.99949	0.999829
7.91064	-6.29096	2.30945	1.46926	8.1289	-6.31809	8.05	-6.25	1.81603	1.81603
8.15861	-6.13545	2.28957	1.44959	8.15184	-6.14215	8.15	-6.15	1.81603	1.81603
8.15861	-6.13545	2.28957	1.44959	8.12981	-5.95044	8.25	-6.05	1.81921	1.81921
8.37988	-5.96467	2.19461	1.4852	8.34844	-5.95288	8.35	-5.95	1.81921	1.81921
8.37988	-5.96467	2.19461	1.4852	8.45627	-5.87026	8.5	-5.9	2.729	0.909673
8.63319	-5.81889	2.23221	1.43068	8.64546	-5.83668	8.65	-5.85	2.72898	0.909661
8.63319	-5.81889	2.23221	1.43068	8.68227	-5.68169	8.8	-5.75	2.72771	1.81848
8.91507	-5.66086	2.34557	1.4328	8.95179	-5.66017	8.95	-5.65	2.72772	1.81848
8.91507	-5.66086	2.34557	1.4328	8.99196	-5.51961	9.05	-5.55	1.99939	1.9994
9.15097	-5.48664	2.34955	1.52921	9.15234	-5.45358	9.15	-5.45	1.9994	1.9994
9.15097	-5.48664	2.34955	1.52921	9.25593	-5.41629	9.25	-5.4	1.81776	0.90888
9.37839	-5.32728	2.25257	1.50149	9.3462	-5.33648	9.35	-5.35	1.81776	0.908875
9.37839	-5.32728	2.25257	1.50149	9.35852	-5.15981	9.45	-5.2	1.81545	2.72317
9.59151	-5.11713	2.14332	1.64096	9.55586	-5.07162	9.55	-5.05	1.81542	2.72314
9.59151	-5.11713	2.14332	1.64096	9.60543	-4.91132	9.65	-4.95	1.82145	1.82147
9.78971	-4.88793	2.02757	1.79371	9.75218	-4.8384	9.75	-4.85	1.82146	1.82146
9.78971	-4.88793	2.02757	1.79371	10.0131	-4.84834	9.85	-4.75	1.81961	1.8196
9.98493	-4.67587	1.94144	1.84016	9.9571	-4.66087	9.95	-4.65	1.8196	1.8196
9.98493	-4.67587	1.94144	1.84016	9.99977	-4.51909	10.05	-4.55	1.99827	1.99828
10.1679	-4.46468	1.90607	1.92447	10.1558	-4.43582	10.15	-4.45	1.99826	1.99826
10.1679	-4.46468	1.90607	1.92447	10.1567	-4.25503	10.25	-4.3	1.81693	2.72538
10.3549	-4.21063	1.83474	2.05612	10.3312	-4.16698	10.35	-4.15	1.81692	2.72536
10.3549	-4.21063	1.83474	2.05612	10.3715	-4.04505	10.45	-4.05	1.81951	1.8195
10.5558	-3.96332	1.83253	2.12256	10.5551	-3.94162	10.55	-3.95	1.8195	1.81951
10.5558	-3.96332	1.83253	2.12256	10.6459	-3.84961	10.65	-3.85	1.81817	1.81818
10.7517	-3.73763	1.81486	2.09826	10.746	-3.7455	10.75	-3.75	1.81816	1.81817
10.7517	-3.73763	1.81486	2.09826	10.9384	-3.6422	10.85	-3.6	1.81621	2.7243
10.9486	-3.47849	1.80572	2.18575	10.9457	-3.45027	10.95	-3.45	1.8162	2.7243
10.9486	-3.47849	1.80572	2.18575	11.1095	-3.32648	11	-3.3	0.908632	2.72588
11.0955	-3.19909	1.64415	2.30678	11.0435	-3.16012	11.05	-3.15	0.908632	2.72588
11.0955	-3.19909	1.64415	2.30678	10.9851	-2.95299	11.1	-3	0.909905	2.72971
11.2153	-2.90147	1.45436	2.44416	11.1542	-2.85724	11.15	-2.85	0.909888	2.72968
11.2153	-2.90147	1.45436	2.44416	11.0233	-2.67356	11.15	-2.7	0	2.72847
11.254	-2.59545	1.07664	2.5603	11.1324	-2.55807	11.15	-2.55	0	2.72844
11.254	-2.59545	1.07664	2.5603	11.2541	-2.42353	11.15	-2.4	0	2.72732
11.2648	-2.28984	0.741326	2.63502	11.1569	-2.2658	11.15	-2.25	0	2.72732
11.2648	-2.28984	0.741326	2.63502	11.2203	-2.08998	11.25	-2.1	1.81905	2.72856
11.3472	-1.97288	0.744312	2.7199	11.3482	-1.94557	11.35	-1.95	1.81905	2.72856
11.3472	-1.97288	0.744312	2.7199	11.3928	-1.80815	11.3	-1.8	-0.90916	2.72747
11.3341	-1.65758	0.448329	2.77016	11.2389	-1.64141	11.25	-1.65	-0.909152	2.72745
11.3341	-1.65758	0.448329	2.77016	11.3341	-1.51762	11.25	-1.5	0	2.72321
11.323	-1.35037	0.259941	2.7765	11.2625	-1.34833	11.25	-1.35	0	2.72321
11.323	-1.35037	0.259941	2.7765	11.3121	-1.19064	11.2	-1.2	-0.909524	2.72856
11.2537	-1.04999	-0.0451287	2.76125	11.1556	-1.0549	11.15	-1.05	-0.909524	2.72856
11.2537	-1.04999	-0.0451287	2.76125	10.9982	-0.893223	11.05	-0.9	-1.81945	2.72916
11.0968	-0.739835	-0.518514	2.7819	10.9445	-0.73319	10.95	-0.75	-1.81942	2.72913
11.0968	-0.739835	-0.518514	2.7819	10.8362	-0.586	10.9	-0.599999	-0.909839	2.72952
10.9394	-0.437548	-0.831211	2.77108	10.8388	-0.441032	10.85	-0.449999	-0.909822	2.72949
10.9394	-0.437548	-0.831211	2.77108	10.6309	-0.359954	10.7	-0.349999	-2.99538	1.99692
10.7094	-0.202183	-1.28936	2.63949	10.5529	-0.247121	10.55	-0.25	-2.99539	1.99691
10.7094	-0.202183	-1.28936	2.63949	10.4322	-0.19515	10.45	-0.2	-1.81715	0.908579
10.4607	-0.0255856	-1.62222	2.28418	10.3505	-0.143257	10.35	-0.15	-1.81716	0.908579
10.4607	-0.0255856	-1.62222	2.28418	10.2068	-0.109014	10.2	-0.0999996	-2.73194	0.910655
10.1694	0.0917786	-1.9752	1.86805	10.0541	-0.0441275	10.05	-0.0499992	-2.73194	0.910655
10.1694	0.0917786	-1.9752	1.86805	9.89001	0.00816785	9.9	9.49949e-07	-2.72481	0.908268
9.85578	0.177296	-2.2748	1.49358	9.75876	0.0560308	9.75	0.0500011	-2.72477	0.90826
9.85578	0.177296	-2.2748	1.49358	9.63528	0.0929341	9.65	0.100001	-1.81759	0.908784
9.58762	0.245826	-2.33043	1.19502	9.56967	0.149506	9.55	0.15	-1.81757	0.908775
9.58762	0.245826	-2.33043	1.19502	9.56225	0.148577	9.4	0.15	-2.72659	0
9.29241	0.263928	-2.4513	0.841763	9.25348	0.150166	9.25	0.15	-2.72658	0
9.29241	0.263928	-2.4513	0.841763	9.0821	0.207802	9.1	0.2	-2.72925	0.909752
8.97942	0.299899	-2.58694	0.665563	8.93575	0.243169	8.95	0.25	-2.72926	0.909752
8.97942	0.299899	-2.58694	0.665563	8.94634	0.26481	8.8	0.25	-2.72783	0
8.6699	0.313801	-2.66486	0.480826	8.64483	0.254352	8.65	0.25	-2.7278	0
8.6699	0.313801	-2.66486	0.480826	8.46866	0.251128	8.5	0.25	-2.72395	0
8.36709	0.308493	-2.69391	0.299307	8.35775	0.250149	8.35	0.25	-2.72395	0
8.36709	0.308493	-2.69391	0.299307	8.28111	0.196974	8.2	0.2	-2.73278	-0.910929
8.05073	0.247871	-2.75817	0.00806482	8.03004	0.154113	8.05	0.15	-2.73279	-0.910929
8.05073	0.247871	-2.75817	0.00806482	7.74678	0.154598	7.85	0.15	-3.9992	0
7.70823	0.197692	-2.96609	-0.151042	7.63715	0.143302	7.65	0.15	-3.99916	0
7.70823	0.197692	-2.96609	-0.151042	7.61982	0.157052	7.55	0.15	-1.99868	0
7.42468	0.172014	-2.92469	-0.184034	7.43926	0.160393	7.45	0.15	-1.99866	0
7.42468	0.172014	-2.92469	-0.184034	7.34481	0.102019	7.3	0.100001	-2.72622	-0.908734
7.13448	0.100343	-2.82595	-0.344489	7.16771	0.0463372	7.15	0.0500011	-2.72623	-0.908734
7.13448	0.100343	-2.82595	-0.344489	7.05721	-0.05037	7.05	-0.0499995	-1.81887	-1.81889
6.88623	-0.0398645	-2.63106	-0.66361	6.95035	-0.144849	6.95	-0.15	-1.81888	-1.81889
6.88623	-0.0398645	-2.63106	-0.66361	6.87212	-0.243254	6.85	-0.25	-1.81792	-1.81792
6.67941	-0.229735	-2.37347	-1.02788	6.76317	-0.34818	6.75	-0.35	-1.81792	-1.81792
6.67941	-0.229735	-2.37347	-1.02788	6.75759	-0.453523	6.65	-0.45	-1.81881	-1.8188
6.49099	-0.447933	-2.14734	-1.3556	6.56412	-0.553924	6.55	-0.549999	-1.81879	-1.81878
6.49099	-0.447933	-2.14734	-1.3556	6.60439	-0.765755	6.45	-0.749999	-1.81971	-3.63941
6.30906	-0.769258	-1.97882	-1.89254	6.36344	-0.942514	6.35	-0.949999	-1.81969	-3.63937
6.30906	-0.769258	-1.97882	-1.89254	6.35624	-1.10001	6.35	-1.1	0	-2.99522
6.23294	-1.10022	-1.59787	-2.33379	6.36321	-1.25111	6.35	-1.25	0	-2.99519
6.23294	-1.10022	-1.59787	-2.33379	6.30992	-1.40686	6.35	-1.4	0	-2.72817
6.20378	-1.45535	-1.14076	-2.64101	6.35537	-1.55723	6.35	-1.55	0	-2.72817
6.20378	-1.45535	-1.14076	-2.64101	6.50996	-1.74616	6.35	-1.7	0	-2.72628
6.21516	-1.79095	-0.713903	-2.78127	6.35448	-1.83673	6.35	-1.85	0	-2.72628
6.21516	-1.79095	-0.713903	-2.78127	6.38849	-2.02257	6.35	-2	0	-2.73154
6.24321	-2.11693	-0.382138	-2.84522	6.35078	-2.13767	6.35	-2.15	0	-2.73152
6.24321	-2.11693	-0.382138	-2.84522	6.28921	-2.27735	6.35	-2.3	0	-2.99503
6.26707	-2.4192	-0.188202	-2.89913	6.33355	-2.43768	6.35	-2.45	0	-2.99503
6.26707	-2.4192	-0.188202	-2.89913	6.30986	-2.56694	6.4	-2.6	0.909996	-2.73
6.34944	-2.74555	0.133246	-2.92335	6.45623	-2.7536	6.45	-2.75	0.91	-2.73
6.34944	-2.74555	0.133246	-2.92335	6.40481	-2.87127	6.5	-2.9	0.907593	-2.72277
6.45441	-3.04379	0.414738	-2.84895	6.54629	-3.01951	6.55	-3.05	0.907584	-2.72274
6.45441	-3.04379	0.414738	-2.84895	6.70928	-3.32749	6.55	-3.25	0	-3.63617
6.52372	-3.40593	0.488549	-3.00084	6.54763	-3.45513	6.55	-3.45	0	-3.63613
6.52372	-3.40593	0.488549	-3.00084	6.52015	-3.55608	6.6	-3.6	0.909673	-2.72901
6.61147	-3.73628	0.59461	-3.00227	6.64571	-3.73674	6.65	-3.75	0.909661	-2.72898
6.61147	-3.73628	0.59461	-3.00227	6.71319	-3.83967	6.75	-3.85	1.81795	-1.81795
6.76428	-4.00172	0.866905	-2.80023	6.85201	-3.93663	6.85	-3.95	1.81793	-1.81793
6.76428	-4.00172	0.866905	-2.80023	7.13409	-4.28567	6.9	-4.15	0.909979	-3.63994
6.90709	-4.31898	1.01503	-2.82993	6.9548	-4.32855	6.95	-4.35	0.909975	-3.6399
6.90709	-4.31898	1.01503	-2.82993	7.00947	-4.44692	7	-4.45	0.907889	-1.81577
7.03736	-4.59091	1.07257	-2.70598	7.05586	-4.55105	7.05	-4.55	0.907881	-1.81576
7.03736	-4.59091	1.07257	-2.70598	7.15974	-4.75194	7.1	-4.7	0.909789	-2.72935
7.14394	-4.85779	1.03733	-2.61082	7.13261	-4.82718	7.15	-4.85	0.909777	-2.72933
7.14394	-4.85779	1.03733	-2.61082	7.2829	-5.01975	7.25	-5	1.81861	-2.72792
7.30047	-5.14567	1.16957	-2.61315	7.34301	-5.14642	7.35	-5.15	1.81859	-2.72789
7.30047	-5.14567	1.16957	-2.61315	7.32687	-5.26205	7.4	-5.3	0.999994	-3
7.43887	-5.4277	1.23649	-2.67779	7.46174	-5.44979	7.45	-5.45	0.999999	-3
7.43887	-5.4277	1.23649	-2.67779	7.47116	-5.48352	7.55	-5.55	1.81749	-1.81749
7.61671	-5.68934	1.3668	-2.57476	7.65989	-5.6552	7.65	-5.65	1.81747	-1.81747
7.61671	-5.68934	1.3668	-2.57476	7.78563	-5.85993	7.7	-5.8	0.909598	-2.72881
7.75993	-5.96538	1.34483	-2.55285	7.75276	-5.95823	7.75	-5.95	0.909594	-2.72878
7.75993	-5.96538	1.34483	-2.55285	7.79663	-6.00945	7.85	-6.05	1.81964	-1.81964
7.92894	-6.20074	1.41087	-2.41188	7.95034	-6.15505	7.95	-6.15	1.81962	-1.81962
7.92894	-6.20074	1.41087	-2.41188	8.04642	-6.30578	8.05	-6.3	1.99731	-2.99599
8.10806	-6.44427	1.52899	-2.41818	8.14855	-6.44643	8.15	-6.45	1.99732	-2.99598
8.10806	-6.44427	1.52899	-2.41818	8.26534	-6.60186	8.2	-6.55	0.909111	-1.81822
8.26472	-6.68064	1.49305	-2.32577	8.25279	-6.64996	8.25	-6.65	0.909111	-1.81822
8.26472	-6.68064	1.49305	-2.32577	8.2109	-6.73286	8.3	-6.8	0.90845	-2.72534
8.39211	-6.94188	1.37779	-2.34204	8.35448	-6.94719	8.35	-6.95	0.908442	-2.72531
8.39211	-6.94188	1.37779	-2.34204	8.61718	-7.22425	8.45	-7.1	1.81925	-2.72886
8.54511	-7.22357	1.38257	-2.41752	8.54666	-7.24803	8.55	-7.25	1.81924	-2.72886
8.54511	-7.22357	1.38257	-2.41752	8.69659	-7.3744	8.65	-7.35	1.82079	-1.8208
8.72196	-7.46134	1.46041	-2.33098	8.74711	-7.43338	8.75	-7.45	1.8208	-1.8208
8.72196	-7.46134	1.46041	-2.33098	8.68846	-7.50096	8.8	-7.6	0.997629	-2.99288
8.85939	-7.72329	1.43248	-2.41927	8.84984	-7.75349	8.85	-7.75	0.997629	-2.99288
8.85939	-7.72329	1.43248	-2.41927	8.77486	-7.80083	8.9	-7.9	0.909127	-2.72742
8.9821	-8.02959	1.32374	-2.54464	8.94604	-8.07116	8.95	-8.05	0.909127	-2.7274
8.9821	-8.02959	1.32374	-2.54464	8.92041	-8.11276	9	-8.15	0.909524	-1.81903
9.07377	-8.27255	1.1558	-2.42984	9.01893	-8.23506	9.05	-8.25	0.909516	-1.81902
9.07377	-8.27255	1.1558	-2.42984	9.04724	-8.3711	9.1	-8.4	0.909922	-2.72975
9.1819	-8.53633	1.09689	-2.41969	9.1628	-8.53304	9.15	-8.55	0.909913	-2.72976
9.1819	-8.53633	1.09689	-2.41969	9.09379	-8.55764	9.25	-8.7	1.8169	-2.72535
9.32665	-8.82861	1.17171	-2.50047	9.3508	-8.85468	9.35	-8.85	1.81688	-2.72532
9.32665	-8.82861	1.17171	-2.50047	9.40597	-8.96981	9.4	-9	0.910219	-2.73069
9.45438	-9.13259	1.1686	-2.59168	9.45338	-9.162	9.45	-9.15	0.910228	-2.73069
9.45438	-9.13259	1.1686	-2.59168	9.51544	-9.36256	9.5	-9.3	0.997908	-2.99371
9.57074	-9.42094	1.16626	-2.68104	9.56994	-9.45148	9.55	-9.45	0.997908	-2.99372
9.57074	-9.42094	1.16626	-2.68104	9.62712	-9.59131	9.6	-9.55	0.909971	-1.81993
9.67292	-9.69287	1.0852	-2.61021	9.64603	-9.66938	9.65	-9.65	0.909954	-1.81992
9.67292	-9.69287	1.0852	-2.61021	9.63311	-9.79216	9.65	-9.8	0	-2.73054
9.72095	-9.96925	0.863218	-2.5778	9.64842	-9.95866	9.65	-9.95	0	-2.73053
9.72095	-9.96925	0.863218	-2.5778	9.61381	-9.98703	9.7	-10.1	0.998187	-2.99456
9.78051	-10.2375	0.779195	-2.6091	9.7516	-10.2483	9.75	-10.25	0.998187	-2.99455
9.78051	-10.2375	0.779195	-2.6091	9.7698	-10.3568	9.8	-10.4	0.909806	-2.7294
9.86475	-10.5311	0.77483	-2.63036	9.8633	-10.5382	9.85	-10.55	0.909797	-2.72938
9.86475	-10.5311	0.77483	-2.63036	9.8617	-10.6917	9.85	-10.7	0	-2.72718
9.89887	-10.8374	0.615441	-2.68319	9.84674	-10.8547	9.85	-10.85	0	-2.72715
9.89887	-10.8374	0.615441	-2.68319	9.75887	-10.887	9.85	-11	0	-2.72395
9.91578	-11.1388	0.456913	-2.70159	9.86442	-11.1448	9.85	-11.15	0	-2.72395
9.91578	-11.1388	0.456913	-2.70159	9.87245	-11.316	9.85	-11.3	0	-2.73074
9.90836	-11.441	0.277375	-2.71831	9.85036	-11.4464	9.85	-11.45	0	-2.73075
9.90836	-11.441	0.277375	-2.71831	9.93142	-11.6783	9.85	-11.6	0	-2.72396
9.88541	-11.737	0.110712	-2.70777	9.83174	-11.7336	9.85	-11.75	0	-2.72396
9.88541	-11.737	0.110712	-2.70777	9.80843	-11.8702	9.8	-11.9	-1.0005	-3.00149
9.82723	-12.0284	-0.105387	-2.77262	9.75331	-12.0506	9.75	-12.05	-1.0005	-3.0015
9.82723	-12.0284	-0.105387	-2.77262	9.64519	-12.1714	9.65	-12.15	-1.81799	-1.81797
9.68763	-12.284	-0.504681	-2.61845	9.55524	-12.2329	9.55	-12.25	-1.81797	-1.81797
9.68763	-12.284	-0.504681	-2.61845	9.47014	-12.4324	9.45	-12.4	-1.82042	-2.73064
9.48828	-12.5653	-0.953331	-2.59838	9.34172	-12.5587	9.35	-12.55	-1.82041	-2.73063
9.48828	-12.5653	-0.953331	-2.59838	9.21558	-12.6577	9.25	-12.65	-1.99893	-1.99891
9.28287	-12.7893	-1.29679	-2.48608	9.16462	-12.7506	9.15	-12.75	-1.99891	-1.9989
9.28287	-12.7893	-1.29679	-2.48608	9.08802	-12.8351	9.05	-12.85	-1.81839	-1.81839
9.05148	-13.0038	-1.57365	-2.30225	8.95936	-12.9426	8.95	-12.95	-1.81838	-1.81838
9.05148	-13.0038	-1.57365	-2.30225	8.8569	-13.1416	8.8	-13	-2.72942	-0.909806
8.76749	-13.1517	-1.91982	-1.97441	8.65422	-13.0444	8.65	-13.05	-2.72941	-0.909806
8.76749	-13.1517	-1.91982	-1.97441	8.49168	-13.0983	8.5	-13.15	-2.99987	-1.99991
8.46378	-13.2956	-2.26852	-1.80747	8.3436	-13.2381	8.35	-13.25	-2.99984	-1.9999
8.46378	-13.2956	-2.26852	-1.80747	8.19421	-13.0768	8.25	-13.2	-1.99797	0.998985
8.19871	-13.3207	-2.38717	-1.3208	8.15674	-13.1486	8.15	-13.15	-1.99797	0.998985
8.19871	-13.3207	-2.38717	-1.3208	7.9999	-13.1879	8	-13.2	-2.73	-0.910004
7.89585	-13.3624	-2.51365	-0.997796	7.85314	-13.2533	7.85	-13.25	-2.73	-0.910004
7.89585	-13.3624	-2.51365	-0.997796	7.57824	-13.1345	7.65	-13.25	-3.62957	0
7.53758	-13.3593	-2.76701	-0.645276	7.45422	-13.2433	7.45	-13.25	-3.62953	0
7.53758	-13.3593	-2.76701	-0.645276	7.33241	-13.2718	7.3	-13.25	-2.7301	0
7.18296	-13.3344	-2.92463	-0.346627	7.13166	-13.2372	7.15	-13.25	-2.73007	0
7.18296	-13.3344	-2.92463	-0.346627	6.97467	-13.1643	7	-13.25	-2.72703	0
6.85489	-13.3067	-2.94434	-0.141578	6.84852	-13.2404	6.85	-13.25	-2.727	0
6.85489	-13.3067	-2.94434	-0.141578	6.7113	-13.2598	6.7	-13.2	-2.72742	0.909144
6.54362	-13.2405	-2.90513	0.113129	6.55626	-13.1584	6.55	-13.15	-2.72742	0.909144
6.54362	-13.2405	-2.90513	0.113129	6.32545	-12.9303	6.4	-13.1	-2.72703	0.908994
6.23755	-13.1379	-2.86299	0.394317	6.25112	-13.0473	6.25	-13.05	-2.727	0.908995
6.23755	-13.1379	-2.86299	0.394317	6.09711	-13.0021	6.1	-13	-2.73	0.910004
5.939	-13.028	-2.81291	0.601505	5.95513	-12.9613	5.95	-12.95	-2.72998	0.909996
5.939	-13.028	-2.81291	0.601505	5.89343	-13.1185	5.8	-12.9	-2.99275	0.99759
5.66016	-12.9033	-2.80314	0.802473	5.6635	-12.8347	5.65	-12.85	-2.99275	0.99758
5.66016	-12.9033	-2.80314	0.802473	5.61778	-12.8527	5.55	-12.75	-1.81993	1.81994
5.40132	-12.7206	-2.64967	1.09742	5.45219	-12.6228	5.45	-12.65	-1.81994	1.81994
5.40132	-12.7206	-2.64967	1.09742	5.30917	-12.4284	5.35	-12.55	-1.81722	1.81723
5.17959	-12.523	-2.43176	1.33697	5.25069	-12.4448	5.25	-12.45	-1.81721	1.81721
5.17959	-12.523	-2.43176	1.33697	5.13338	-12.4375	5.1	-12.35	-2.72881	1.8192
4.93098	-12.3249	-2.37337	1.49603	4.9499	-12.2734	4.95	-12.25	-2.72881	1.81921
4.93098	-12.3249	-2.37337	1.49603	4.92993	-12.1787	4.9	-12.15	-0.908467	1.81693
4.75478	-12.0982	-2.10838	1.68927	4.84027	-12.0359	4.85	-12.05	-0.908462	1.81692
4.75478	-12.0982	-2.10838	1.68927	4.79909	-11.9738	4.75	-11.9	-1.81788	2.72684
4.58038	-11.8353	-1.92903	1.92937	4.63814	-11.758	4.65	-11.75	-1.81788	2.72683
4.58038	-11.8353	-1.92903	1.92937	4.50688	-11.4491	4.6	-11.65	-0.909963	1.81994
4.454	-11.5822	-1.6623	2.05736	4.5399	-11.541	4.55	-11.55	-0.909959	1.81992
4.454	-11.5822	-1.6623	2.05736	4.46798	-11.2692	4.5	-11.35	-0.909227	3.63689
4.36306	-11.2559	-1.37605	2.36903	4.45518	-11.1556	4.45	-11.15	-0.909218	3.63686
4.36306	-11.2559	-1.37605	2.36903	4.47788	-11.2387	4.4	-11.05	-0.909227	1.81845
4.28922	-10.9741	-1.13457	2.43507	4.36691	-10.9529	4.35	-10.95	-0.909222	1.81844
4.28922	-10.9741	-1.13457	2.43507	4.34978	-10.6819	4.4	-10.8	0.9094	2.72823
4.29453	-10.6818	-0.729348	2.5116	4.42489	-10.6572	4.45	-10.65	0.909396	2.72819
4.29453	-10.6818	-0.729348	2.5116	4.45256	-10.5332	4.45	-10.5	0	3.00113
4.33063	-10.3923	-0.389167	2.63171	4.44692	-10.3512	4.45	-10.35	0	3.00113
4.33063	-10.3923	-0.389167	2.63171	4.41237	-9.99477	4.5	-10.2	0.999524	2.99855
4.41735	-10.0888	0.00328566	2.75717	4.5556	-10.0446	4.55	-10.05	0.999524	2.99856
4.41735	-10.0888	0.00328566	2.75717	4.57379	-9.85032	4.6	-9.9	0.998267	2.9948
4.53138	-9.78347	0.358484	2.84816	4.65841	-9.75093	4.65	-9.75	0.998262	2.99479
4.53138	-9.78347	0.358484	2.84816	4.60255	-9.4741	4.7	-9.65	0.910924	1.82187
4.65494	-9.50393	0.621253	2.74478	4.74425	-9.53907	4.75	-9.55	0.910928	1.82186
4.65494	-9.50393	0.621253	2.74478	4.78405	-9.35872	4.8	-9.4	0.908038	2.72411
4.79817	-9.22772	0.854573	2.66349	4.87523	-9.25457	4.85	-9.25	0.908033	2.7241
4.79817	-9.22772	0.854573	2.66349	4.92663	-9.02336	4.95	-9.1	1.81851	2.72776
4.96859	-8.94917	1.09286	2.61866	5.04624	-8.96378	5.05	-8.95	1.81852	2.72777
4.96859	-8.94917	1.09286	2.61866	5.1055	-8.72095	5.15	-8.8	1.8165	2.72476
5.1756	-8.65245	1.363	2.64484	5.26299	-8.64398	5.25	-8.65	1.8165	2.72475
5.1756	-8.65245	1.363	2.64484	5.34134	-8.5519	5.35	-8.55	1.82159	1.8216
5.37855	-8.40034	1.52907	2.52557	5.43218	-8.43885	5.45	-8.45	1.82157	1.82157
5.37855	-8.40034	1.52907	2.52557	5.5122	-8.36624	5.5	-8.35	0.908054	1.81609
5.54419	-8.1787	1.52049	2.34957	5.54143	-8.23537	5.55	-8.25	0.908054	1.8161
5.54419	-8.1787	1.52049	2.34957	5.72065	-8.20245	5.7	-8.15	2.72851	1.81902
5.78162	-7.9759	1.73936	2.17653	5.85207	-8.0316	5.85	-8.05	2.72849	1.81899
5.78162	-7.9759	1.73936	2.17653	5.99121	-7.96746	5.95	-7.9	1.81851	2.72777
6.01119	-7.74395	1.85859	2.1534	6.04955	-7.75139	6.05	-7.75	1.81852	2.72777
6.01119	-7.74395	1.85859	2.1534	6.20599	-7.74241	6.15	-7.65	1.81739	1.81739
6.2315	-7.53512	1.90774	2.06569	6.2473	-7.56333	6.25	-7.55	1.81739	1.81739
6.2315	-7.53512	1.90774	2.06569	6.39144	-7.48582	6.35	-7.45	1.8164	1.81641
6.44341	-7.33494	1.91351	1.98076	6.44526	-7.36223	6.45	-7.35	1.81638	1.81638
6.44341	-7.33494	1.91351	1.98076	6.66209	-7.31025	6.6	-7.25	2.72856	1.81904
6.70113	-7.12959	2.061	1.94203	6.74856	-7.14204	6.75	-7.15	2.72856	1.81904
6.70113	-7.12959	2.061	1.94203	6.83447	-7.05268	6.85	-7.05	1.82066	1.82066
6.95232	-6.93882	2.13821	1.87173	6.97717	-6.96144	6.95	-6.95	1.82065	1.82065
6.95232	-6.93882	2.13821	1.87173	7.13677	-6.88363	7.1	-6.85	2.99976	1.99984
7.20924	-6.74916	2.27266	1.87944	7.2552	-6.74652	7.25	-6.75	2.99976	1.99984
7.20924	-6.74916	2.27266	1.87944	7.234	-6.59525	7.3	-6.65	0.999384	1.99876
7.38821	-6.5508	2.12135	1.91159	7.33491	-6.53948	7.35	-6.55	0.999369	1.99874
7.38821	-6.5508	2.12135	1.91159	7.67988	-6.69347	7.5	-6.55	2.72747	0
7.63244	-6.44647	2.15537	1.58102	7.64389	-6.55777	7.65	-6.55	2.72745	0
7.63244	-6.44647	2.15537	1.58102	7.94309	-6.60222	7.75	-6.45	1.81623	1.81624
7.85787	-6.30587	2.11822	1.47656	7.84566	-6.34021	7.85	-6.35	1.81623	1.81624
7.85787	-6.30587	2.11822	1.47656	7.9171	-6.24084	8	-6.3	2.72648	0.908821
8.1183	-6.18692	2.20348	1.3409	8.14601	-6.23101	8.15	-6.25	2.72645	0.908817
8.1183	-6.18692	2.20348	1.3409	8.37368	-6.18614	8.25	-6.1	1.81898	2.72847
8.35781	-5.99895	2.19485	1.46721	8.35502	-5.95811	8.35	-5.95	1.81897	2.72844
8.35781	-5.99895	2.19485	1.46721	8.43843	-5.87193	8.5	-5.9	2.72647	0.90883
8.62062	-5.85156	2.26121	1.42344	8.64201	-5.86567	8.65	-5.85	2.72645	0.908817
8.62062	-5.85156	2.26121	1.42344	8.76652	-5.75601	8.75	-5.75	1.81789	1.81788
8.8607	-5.67318	2.23414	1.49128	8.85198	-5.65134	8.85	-5.65	1.81789	1.81788
8.8607	-5.67318	2.23414	1.49128	8.91028	-5.47662	9	-5.55	2.73109	1.82073
9.12044	-5.48467	2.27878	1.56823	9.13482	-5.45989	9.15	-5.45	2.73106	1.82072
9.12044	-5.48467	2.27878	1.56823	9.32693	-5.39468	9.25	-5.35	1.81796	1.81795
9.35082	-5.2862	2.21547	1.64905	9.33045	-5.26019	9.35	-5.25	1.81794	1.81793
9.35082	-5.2862	2.21547	1.64905	9.4498	-5.12838	9.5	-5.15	2.72905	1.81937
9.61592	-5.07414	2.28264	1.74495	9.63754	-5.04328	9.65	-5.05	2.72903	1.81935
9.61592	-5.07414	2.28264	1.74495	9.83281	-5.00671	9.7	-4.95	0.998666	1.99733
9.79806	-4.87426	2.13772	1.82344	9.74856	-4.84745	9.75	-4.85	0.998656	1.99731
9.79806	-4.87426	2.13772	1.82344	9.96003	-4.81123	9.85	-4.75	1.8172	1.81719
9.98445	-4.66902	1.98523	1.83763	9.93394	-4.66432	9.95	-4.65	1.81717	1.81717
9.98445	-4.66902	1.98523	1.83763	10.1357	-4.58625	10.05	-4.55	1.82042	1.82043
10.1737	-4.45494	1.89538	1.87563	10.1444	-4.44253	10.15	-4.45	1.82041	1.82042
10.1737	-4.45494	1.89538	1.87563	10.3185	-4.35401	10.3	-4.35	2.72672	1.81782
10.4158	-4.24843	1.9998	1.87609	10.4496	-4.24828	10.45	-4.25	2.7267	1.8178
10.4158	-4.24843	1.9998	1.87609	10.5826	-4.11494	10.5	-4.1	0.908764	2.72628
10.5951	-3.99692	1.87296	2.01651	10.5542	-3.95161	10.55	-3.95	0.908764	2.72628
10.5951	-3.99692	1.87296	2.01651	10.6618	-3.80699	10.65	-3.8	1.8194	2.72911
10.7806	-3.71483	1.8095	2.20475	10.7602	-3.65417	10.75	-3.65	1.81939	2.72908
10.7806	-3.71483	1.8095	2.20475	10.8593	-3.57039	10.85	-3.55	1.81839	1.81838
10.9586	-3.47013	1.74391	2.21162	10.9375	-3.46792	10.95	-3.45	1.81838	1.81838
10.9586	-3.47013	1.74391	2.21162	11.0183	-3.30073	11	-3.3	0.908549	2.72563
11.1089	-3.18643	1.61418	2.3371	11.0672	-3.14607	11.05	-3.15	0.908549	2.72564
11.1089	-3.18643	1.61418	2.3371	11.1054	-3.01303	11.1	-3	0.90888	2.72663
11.2147	-2.88873	1.39049	2.46346	11.1428	-2.8481	11.15	-2.85	0.908863	2.72661
11.2147	-2.88873	1.39049	2.46346	11.1758	-2.69942	11.2	-2.7	0.909988	2.72995
11.3086	-2.5795	1.20685	2.58344	11.2495	-2.5409	11.25	-2.55	0.909988	2.72995
11.3086	-2.5795	1.20685	2.58344	11.4549	-2.46508	11.2	-2.4	-0.907692	2.72306
11.3061	-2.26776	0.784857	2.66794	11.1705	-2.24061	11.15	-2.25	-0.907683	2.72304
11.3061	-2.26776	0.784857	2.66794	11.2202	-2.08176	11.25	-2.1	1.8219	2.73284
11.373	-1.97296	0.724725	2.67392	11.3536	-1.97104	11.35	-1.95	1.82188	2.73281
11.373	-1.97296	0.724725	2.67392	11.224	-1.77367	11.35	-1.8	0	2.71996
11.4095	-1.66095	0.589563	2.72714	11.3661	-1.64386	11.35	-1.65	0	2.71993
11.4095	-1.66095	0.589563	2.72714	11.2691	-1.47976	11.35	-1.5	0	2.73448
11.4067	-1.35345	0.379435	2.75304	11.3391	-1.34511	11.35	-1.35	0	2.73446
11.4067	-1.35345	0.379435	2.75304	11.2507	-1.19626	11.25	-1.2	-1.99969	2.99952
11.3037	-1.06123	-0.0606889	2.80566	11.1532	-1.04324	11.15	-1.05	-1.99967	2.99949
11.3037	-1.06123	-0.0606889	2.80566	10.9697	-0.89157	11.1	-0.9	-1.00006	3.00024
11.1871	-0.762594	-0.405908	2.86216	11.0654	-0.742685	11.05	-0.75	-1.00006	3.00021
11.1871	-0.762594	-0.405908	2.86216	10.8913	-0.655608	10.95	-0.649999	-1.81771	1.81773
10.9958	-0.497089	-0.863331	2.70797	10.8418	-0.549005	10.85	-0.549999	-1.81772	1.81773
10.9958	-0.497089	-0.863331	2.70797	10.827	-0.442912	10.75	-0.45	-1.81842	1.8184
10.784	-0.275344	-1.22762	2.47065	10.6642	-0.353413	10.65	-0.35	-1.8184	1.81839
10.784	-0.275344	-1.22762	2.47065	10.5503	-0.248633	10.5	-0.25	-3.00035	2.00024
10.5109	-0.0973755	-1.69702	2.25503	10.3487	-0.171899	10.35	-0.15	-3.00032	2.00022
10.5109	-0.0973755	-1.69702	2.25503	10.2559	-0.115293	10.25	-0.0999996	-2.00053	1.00027
10.2443	0.0453264	-1.99979	1.9966	10.137	-0.0462889	10.15	-0.0499992	-2.00053	1.00027
10.2443	0.0453264	-1.99979	1.9966	10.0717	0.0165033	10.05	9.49949e-07	-2.00009	1.00004
9.98969	0.155744	-2.17057	1.71786	9.92833	0.0556031	9.95	0.0500011	-2.00006	1.00003
9.98969	0.155744	-2.17057	1.71786	9.8478	0.0279858	9.8	0.0500011	-3.00025	0
9.71521	0.191274	-2.34997	1.29231	9.65029	0.0372757	9.65	0.0500011	-3.00024	0
9.71521	0.191274	-2.34997	1.29231	9.54682	0.0997641	9.5	0.100001	-2.99825	0.999409
9.41217	0.235251	-2.56206	1.0258	9.33515	0.138463	9.35	0.15	-2.99825	0.999409
9.41217	0.235251	-2.56206	1.0258	9.46113	0.134275	9.25	0.15	-1.81915	0
9.13406	0.257873	-2.55093	0.74444	9.13787	0.161547	9.15	0.15	-1.81913	0
9.13406	0.257873	-2.55093	0.74444	9.02723	0.196492	9	0.2	-2.99927	0.99976
8.85148	0.293401	-2.63658	0.622844	8.82128	0.250523	8.85	0.25	-2.99927	0.99976
8.85148	0.293401	-2.63658	0.622844	8.67607	0.247512	8.7	0.25	-2.99873	0
8.56951	0.304422	-2.69342	0.462625	8.54916	0.247046	8.55	0.25	-2.99871	0
8.56951	0.304422	-2.69342	0.462625	8.44086	0.253341	8.4	0.25	-2.72872	0
8.25243	0.308366	-2.75884	0.316207	8.2302	0.258614	8.25	0.25	-2.72871	0
8.25243	0.308366	-2.75884	0.316207	8.1066	0.204722	8.1	0.2	-2.99909	-0.9997
7.96278	0.238877	-2.80157	0.000419109	7.94777	0.127954	7.95	0.15	-2.9991	-0.9997
7.96278	0.238877	-2.80157	0.000419109	7.82213	0.149733	7.8	0.15	-3.00101	0
7.65962	0.197689	-2.87371	-0.128367	7.63383	0.15164	7.65	0.15	-3.00099	0
7.65962	0.197689	-2.87371	-0.128367	7.49691	0.101076	7.5	0.100001	-2.72698	-0.908982
7.34687	0.126285	-2.86312	-0.307121	7.35046	0.0656199	7.35	0.0500011	-2.72695	-0.908974
7.34687	0.126285	-2.86312	-0.307121	7.13188	-0.00451978	7.25	9.49949e-07	-2.00032	-1.00016
7.10307	0.0232851	-2.73048	-0.532881	7.14965	-0.0559868	7.15	-0.0499992	-2.0003	-1.00015
7.10307	0.0232851	-2.73048	-0.532881	6.77233	-0.150907	7	-0.15	-2.72534	-1.8169
6.82995	-0.129374	-2.64485	-0.82618	6.85872	-0.227918	6.85	-0.25	-2.72532	-1.81688
6.82995	-0.129374	-2.64485	-0.82618	6.70421	-0.347264	6.8	-0.349999	-1.00053	-2.00107
6.65229	-0.321487	-2.37417	-1.16824	6.74687	-0.441006	6.75	-0.449999	-1.00054	-2.00107
6.65229	-0.321487	-2.37417	-1.16824	6.72084	-0.550555	6.65	-0.549999	-2.00016	-2.00017
6.47805	-0.526206	-2.17691	-1.44281	6.54837	-0.624094	6.55	-0.65	-2.00016	-2.00017
6.47805	-0.526206	-2.17691	-1.44281	6.40088	-0.78131	6.5	-0.799999	-0.999884	-2.99963
6.3489	-0.806765	-1.90024	-1.86843	6.44859	-0.960126	6.45	-0.949999	-0.999884	-2.99963
6.3489	-0.806765	-1.90024	-1.86843	6.37766	-1.0844	6.4	-1.1	-0.999984	-2.99995
6.25131	-1.11085	-1.61151	-2.23459	6.35596	-1.24356	6.35	-1.25	-0.999969	-2.99992
6.25131	-1.11085	-1.61151	-2.23459	6.5527	-1.43518	6.35	-1.4	0	-3.00132
6.2142	-1.4361	-1.2243	-2.55283	6.35503	-1.55184	6.35	-1.55	0	-3.00129
6.2142	-1.4361	-1.2243	-2.55283	6.33086	-1.6454	6.35	-1.65	0	-1.81769
6.20714	-1.73212	-0.825937	-2.60007	6.34356	-1.7483	6.35	-1.75	0	-1.81769
6.20714	-1.73212	-0.825937	-2.60007	6.34522	-1.96081	6.35	-1.95	0	-3.99976
6.22752	-2.0543	-0.504321	-2.79418	6.34095	-2.12276	6.35	-2.15	0	-3.99972
6.22752	-2.0543	-0.504321	-2.79418	6.3068	-2.23646	6.35	-2.25	0	-2
6.25767	-2.3427	-0.252587	-2.82222	6.34785	-2.35274	6.35	-2.35	0	-1.99998
6.25767	-2.3427	-0.252587	-2.82222	6.26272	-2.46894	6.35	-2.5	0	-3
6.2936	-2.63395	-0.0614573	-2.85043	6.36265	-2.64414	6.35	-2.65	0	-3
6.2936	-2.63395	-0.0614573	-2.85043	6.38105	-2.77438	6.4	-2.8	1.00003	-3.00012
6.36879	-2.93383	0.192591	-2.8968	6.461	-2.95066	6.45	-2.95	1.00003	-3.00009
6.36879	-2.93383	0.192591	-2.8968	6.50958	-3.15806	6.5	-3.15	0.999284	-3.99712
6.46549	-3.28829	0.434423	-3.09849	6.55345	-3.36165	6.55	-3.35	0.999284	-3.99712
6.46549	-3.28829	0.434423	-3.09849	6.64067	-3.46888	6.6	-3.45	0.909922	-1.81983
6.57224	-3.59297	0.61858	-2.98661	6.63536	-3.55462	6.65	-3.55	0.909917	-1.81984
6.57224	-3.59297	0.61858	-2.98661	6.70376	-3.69784	6.7	-3.7	0.999335	-2.99802
6.68999	-3.87	0.792998	-2.91843	6.75151	-3.84595	6.75	-3.85	0.99934	-2.99802
6.68999	-3.87	0.792998	-2.91843	6.65288	-3.91672	6.8	-4	0.908549	-2.72564
6.81646	-4.17339	0.915279	-2.86281	6.85764	-4.15466	6.85	-4.15	0.908537	-2.72561
6.81646	-4.17339	0.915279	-2.86281	6.9447	-4.2991	6.9	-4.25	0.90988	-1.81977
6.93255	-4.41599	0.963612	-2.63814	6.94846	-4.34203	6.95	-4.35	0.909876	-1.81975
6.93255	-4.41599	0.963612	-2.63814	7.09552	-4.55441	7	-4.5	1.00008	-3.00024
7.03186	-4.66358	0.972856	-2.58757	7.03506	-4.6461	7.05	-4.65	1.00008	-3.00024
7.03186	-4.66358	0.972856	-2.58757	7.25009	-4.88515	7.15	-4.8	1.99984	-2.99976
7.1924	-4.92684	1.17038	-2.60156	7.26242	-4.9318	7.25	-4.95	1.99984	-2.99976
7.1924	-4.92684	1.17038	-2.60156	7.33292	-5.08676	7.3	-5.05	1.00028	-2.00057
7.32952	-5.17204	1.23322	-2.55506	7.3521	-5.15533	7.35	-5.15	1.00028	-2.00056
7.32952	-5.17204	1.23322	-2.55506	7.40318	-5.28627	7.4	-5.3	1.00003	-3.00012
7.44727	-5.43496	1.21583	-2.57827	7.44098	-5.44336	7.45	-5.45	1.00004	-3.00012
7.44727	-5.43496	1.21583	-2.57827	7.46878	-5.50726	7.55	-5.55	1.99961	-1.99961
7.6142	-5.67137	1.35737	-2.51119	7.66561	-5.647	7.65	-5.65	1.9996	-1.9996
7.6142	-5.67137	1.35737	-2.51119	7.70927	-5.8194	7.7	-5.8	1.00027	-3.00084
7.75333	-5.94068	1.3681	-2.56825	7.75724	-5.96146	7.75	-5.95	1.00028	-3.00084
7.75333	-5.94068	1.3681	-2.56825	7.71187	-5.94164	7.85	-6.05	1.9998	-1.99981
7.91816	-6.17348	1.45559	-2.49311	7.95005	-6.14609	7.95	-6.15	1.9998	-1.9998
7.91816	-6.17348	1.45559	-2.49311	8.03808	-6.28852	8	-6.25	1.00004	-2.00008
8.05425	-6.39234	1.42601	-2.39804	8.04346	-6.35767	8.05	-6.35	1.00004	-2.00008
8.05425	-6.39234	1.42601	-2.39804	8.1071	-6.48544	8.15	-6.5	1.99951	-2.99928
8.22518	-6.64523	1.51439	-2.43873	8.25742	-6.66007	8.25	-6.65	1.9995	-2.99925
8.22518	-6.64523	1.51439	-2.43873	8.38768	-6.7963	8.3	-6.75	0.90921	-1.81841
8.36269	-6.89242	1.42373	-2.37308	8.33159	-6.8699	8.35	-6.85	0.90921	-1.81841
8.36269	-6.89242	1.42373	-2.37308	8.58336	-7.15056	8.4	-7	1.0001	-3.00036
8.48257	-7.14071	1.35353	-2.40746	8.45779	-7.15285	8.45	-7.15	1.00011	-3.00036
8.48257	-7.14071	1.35353	-2.40746	8.37938	-7.10665	8.55	-7.25	1.99907	-1.99908
8.63168	-7.3645	1.39629	-2.35415	8.647	-7.3454	8.65	-7.35	1.99908	-1.99908
8.63168	-7.3645	1.39629	-2.35415	8.76035	-7.57239	8.7	-7.5	1.00058	-3.00174
8.76652	-7.62825	1.3816	-2.44308	8.76121	-7.66039	8.75	-7.65	1.00057	-3.00171
8.76652	-7.62825	1.3816	-2.44308	8.81118	-7.75569	8.8	-7.75	0.999844	-1.99968
8.87608	-7.85558	1.2922	-2.38992	8.84363	-7.83628	8.85	-7.85	0.999844	-1.99968
8.87608	-7.85558	1.2922	-2.38992	9.07758	-8.1058	8.95	-8	2.00017	-3.00024
9.02733	-8.12442	1.36103	-2.48322	9.05238	-8.15838	9.05	-8.15	2.00014	-3.00021
9.02733	-8.12442	1.36103	-2.48322	9.05557	-8.22632	9.1	-8.25	0.998905	-1.99781
9.15953	-8.36289	1.34837	-2.45156	9.15492	-8.35136	9.15	-8.35	0.998886	-1.99779
9.15953	-8.36289	1.34837	-2.45156	9.30408	-8.57245	9.2	-8.5	0.908863	-2.72657
9.28199	-8.63842	1.26755	-2.46963	9.2543	-8.64461	9.25	-8.65	0.908855	-2.72655
9.28199	-8.63842	1.26755	-2.46963	9.15971	-8.67035	9.3	-8.8	0.909475	-2.72841
9.38711	-8.93036	1.16069	-2.53325	9.35164	-8.95148	9.35	-8.95	0.909466	-2.72839
9.38711	-8.93036	1.16069	-2.53325	9.47941	-9.179	9.4	-9.1	0.999765	-2.99935
9.47418	-9.21127	1.07006	-2.61921	9.44272	-9.24111	9.45	-9.25	0.999774	-2.99934
9.47418	-9.21127	1.07006	-2.61921	9.53008	-9.38561	9.5	-9.35	0.908962	-1.81792
9.58373	-9.46898	1.04454	-2.52421	9.5752	-9.43724	9.55	-9.45	0.908954	-1.8179
9.58373	-9.46898	1.04454	-2.52421	9.60163	-9.60777	9.6	-9.6	0.909988	-2.72996
9.66416	-9.75089	0.937413	-2.53831	9.62903	-9.75552	9.65	-9.75	0.909971	-2.72993
9.66416	-9.75089	0.937413	-2.53831	9.69155	-9.89958	9.7	-9.9	0.907972	-2.7239
9.75617	-10.0382	0.90242	-2.5624	9.74482	-10.046	9.75	-10.05	0.907972	-2.72391
9.75617	-10.0382	0.90242	-2.5624	9.69256	-10.1336	9.75	-10.2	0	-2.73106
9.80416	-10.3342	0.743056	-2.60764	9.75264	-10.3488	9.75	-10.35	0	-2.73105
9.80416	-10.3342	0.743056	-2.60764	9.82419	-10.5024	9.8	-10.5	1	-2.99999
9.85617	-10.6222	0.673495	-2.69278	9.83234	-10.6514	9.85	-10.65	0.999994	-2.99996
9.85617	-10.6222	0.673495	-2.69278	9.825	-10.7525	9.85	-10.8	0	-3.00047
9.8887	-10.9242	0.564762	-2.79506	9.85033	-10.9603	9.85	-10.95	0	-3.00048
9.8887	-10.9242	0.564762	-2.79506	9.91881	-11.1448	9.85	-11.05	0	-1.9956
9.90529	-11.1788	0.439791	-2.71521	9.86057	-11.1502	9.85	-11.15	0	-1.99559
9.90529	-11.1788	0.439791	-2.71521	9.83851	-11.2795	9.85	-11.3	0	-2.73184
9.89769	-11.463	0.265347	-2.67183	9.83839	-11.4483	9.85	-11.45	0	-2.73182
9.89769	-11.463	0.265347	-2.67183	9.79654	-11.5922	9.8	-11.6	-0.998566	-2.9957
9.84396	-11.7392	0.0145845	-2.69877	9.75592	-11.7487	9.75	-11.75	-0.998566	-2.99569
9.84396	-11.7392	0.0145845	-2.69877	9.77699	-11.9246	9.75	-11.9	0	-2.73084
9.80314	-12.0422	-0.117778	-2.71914	9.75861	-12.0491	9.75	-12.05	0	-2.73085
9.80314	-12.0422	-0.117778	-2.71914	9.63743	-12.1863	9.65	-12.2	-1.81598	-2.72396
9.67902	-12.3431	-0.464367	-2.72358	9.56514	-12.3446	9.55	-12.35	-1.81597	-2.72396
9.67902	-12.3431	-0.464367	-2.72358	9.47157	-12.4849	9.45	-12.45	-1.82132	-1.82133
9.48876	-12.5919	-0.898462	-2.56663	9.34752	-12.5408	9.35	-12.55	-1.82131	-1.82131
9.48876	-12.5919	-0.898462	-2.56663	9.32154	-12.7193	9.3	-12.65	-0.908038	-1.81606
9.31593	-12.8081	-1.12871	-2.35948	9.24151	-12.7411	9.25	-12.75	-0.908029	-1.81605
9.31593	-12.8081	-1.12871	-2.35948	9.04013	-12.7738	9.05	-12.85	-3.64007	-1.82004
9.01637	-13.0051	-1.67559	-2.16551	8.83995	-12.9425	8.85	-12.95	-3.64007	-1.82003
9.01637	-13.0051	-1.67559	-2.16551	8.73518	-13.0163	8.75	-13	-1.9959	-0.997948
8.74736	-13.1311	-1.99111	-1.88169	8.6395	-13.0341	8.65	-13.05	-1.9959	-0.997948
8.74736	-13.1311	-1.99111	-1.88169	8.48414	-13.0416	8.5	-13.1	-2.73149	-0.910502
8.43728	-13.2431	-2.27619	-1.58636	8.34268	-13.1451	8.35	-13.15	-2.73146	-0.910485
8.43728	-13.2431	-2.27619	-1.58636	8.19497	-13.1991	8.2	-13.2	-2.72385	-0.907955
8.12436	-13.3279	-2.47016	-1.30596	8.06107	-13.2364	8.05	-13.25	-2.72383	-0.907947
8.12436	-13.3279	-2.47016	-1.30596	7.88931	-13.1791	7.9	-13.25	-2.72673	0
7.80448	-13.3576	-2.6201	-0.950643	7.75593	-13.2425	7.75	-13.25	-2.72673	0
7.80448	-13.3576	-2.6201	-0.950643	7.52542	-13.1457	7.6	-13.25	-2.72991	0
7.48334	-13.3478	-2.72358	-0.59475	7.44992	-13.2329	7.45	-13.25	-2.72991	0
7.48334	-13.3478	-2.72358	-0.59475	7.19347	-13.1392	7.25	-13.2	-3.63887	0.909723
7.11946	-13.2871	-2.92452	-0.201816	7.05468	-13.1604	7.05	-13.15	-3.63887	0.909723
7.11946	-13.2871	-2.92452	-0.201816	6.90569	-13.1515	6.9	-13.15	-2.72312	0
6.76494	-13.2229	-3.02523	0.0672494	6.73255	-13.1364	6.75	-13.15	-2.72312	0
6.76494	-13.2229	-3.02523	0.0672494	6.69426	-13.3705	6.6	-13.15	-3.00475	0
6.44577	-13.1811	-3.07867	0.176877	6.42749	-13.1436	6.45	-13.15	-3.00472	0
6.44577	-13.1811	-3.07867	0.176877	6.4246	-13.2048	6.35	-13.1	-1.9976	0.998786
6.19123	-13.1119	-2.91096	0.337779	6.2503	-13.0552	6.25	-13.05	-1.99758	0.998786
6.19123	-13.1119	-2.91096	0.337779	6.162	-13.1569	6.1	-13	-2.72732	0.909111
5.91035	-13.0088	-2.78826	0.543401	5.95166	-12.9396	5.95	-12.95	-2.72732	0.909111
5.91035	-13.0088	-2.78826	0.543401	5.78184	-12.8825	5.8	-12.9	-2.72895	0.909657
5.62556	-12.896	-2.72051	0.708837	5.64785	-12.8416	5.65	-12.85	-2.72896	0.909648
5.62556	-12.896	-2.72051	0.708837	5.54035	-12.7925	5.55	-12.75	-1.81808	1.81809
5.38197	-12.7372	-2.54693	0.960934	5.43842	-12.6552	5.45	-12.65	-1.81809	1.81809
5.38197	-12.7372	-2.54693	0.960934	5.33087	-12.5965	5.3	-12.55	-2.7236	1.81575
5.11098	-12.5423	-2.51717	1.23833	5.12059	-12.4527	5.15	-12.45	-2.72358	1.81572
5.11098	-12.5423	-2.51717	1.23833	5.13793	-12.5907	5.05	-12.35	-1.81967	1.81966
4.89322	-12.3172	-2.33364	1.51577	4.95241	-12.2277	4.95	-12.25	-1.81967	1.81967
4.89322	-12.3172	-2.33364	1.51577	4.81467	-12.1072	4.85	-12.1	-1.81844	2.72766
4.6939	-12.0534	-2.15498	1.81802	4.75144	-11.9561	4.75	-11.95	-1.81844	2.72767
4.6939	-12.0534	-2.15498	1.81802	4.6829	-11.7433	4.7	-11.85	-0.909557	1.8191
4.56634	-11.8017	-1.81425	1.97974	4.67603	-11.7496	4.65	-11.75	-0.909553	1.81911
4.56634	-11.8017	-1.81425	1.97974	4.61619	-11.6508	4.6	-11.6	-0.907782	2.72335
4.45478	-11.5134	-1.53917	2.19841	4.5432	-11.4431	4.55	-11.45	-0.907778	2.72334
4.45478	-11.5134	-1.53917	2.19841	4.48104	-11.1618	4.5	-11.25	-0.910253	3.64099
4.36461	-11.1709	-1.29326	2.51311	4.44374	-11.0696	4.45	-11.05	-0.910253	3.64099
4.36461	-11.1709	-1.29326	2.51311	4.46178	-10.9843	4.45	-10.95	0	1.81804
4.33426	-10.8804	-0.944602	2.55683	4.4464	-10.8663	4.45	-10.85	0	1.81805
4.33426	-10.8804	-0.944602	2.55683	4.60972	-11.1274	4.45	-10.75	0	1.81614
4.33434	-10.6167	-0.620243	2.50109	4.43858	-10.6346	4.45	-10.65	0	1.81614
4.33434	-10.6167	-0.620243	2.50109	4.43099	-10.4242	4.45	-10.45	0	3.6396
4.35607	-10.2934	-0.34017	2.6519	4.44616	-10.2449	4.45	-10.25	0	3.6396
4.35607	-10.2934	-0.34017	2.6519	4.52156	-10.1192	4.5	-10.1	0.910021	2.73005
4.43532	-9.97294	0.0231778	2.7424	4.55225	-9.94382	4.55	-9.95	0.910013	2.73003
4.43532	-9.97294	0.0231778	2.7424	4.5897	-9.73456	4.6	-9.8	0.999085	2.99725
4.53842	-9.67672	0.337669	2.8102	4.64586	-9.65356	4.65	-9.65	0.99908	2.99724
4.53842	-9.67672	0.337669	2.8102	4.61159	-9.38621	4.7	-9.55	0.910095	1.82021
4.65843	-9.41163	0.5963	2.67392	4.7442	-9.45683	4.75	-9.45	0.910091	1.82018
4.65843	-9.41163	0.5963	2.67392	4.80746	-9.23434	4.85	-9.3	1.99828	2.99743
4.82562	-9.15128	0.931964	2.65122	4.94202	-9.15915	4.95	-9.15	1.99826	2.99739
4.82562	-9.15128	0.931964	2.65122	5.03379	-9.03255	5	-9	0.908384	2.72514
4.99296	-8.85123	1.13397	2.67675	5.06039	-8.84271	5.05	-8.85	0.908384	2.72514
4.99296	-8.85123	1.13397	2.67675	5.21058	-8.83852	5.15	-8.75	1.81679	1.8168
5.19113	-8.60553	1.36262	2.52409	5.26598	-8.6555	5.25	-8.65	1.81679	1.8168
5.19113	-8.60553	1.36262	2.52409	5.33786	-8.49992	5.35	-8.5	1.82017	2.73024
5.38773	-8.34582	1.50872	2.46911	5.43516	-8.36367	5.45	-8.35	1.82015	2.73022
5.38773	-8.34582	1.50872	2.46911	5.58025	-8.28767	5.55	-8.25	1.81852	1.81852
5.60279	-8.12127	1.66179	2.32263	5.65225	-8.1686	5.65	-8.15	1.8185	1.8185
5.60279	-8.12127	1.66179	2.32263	5.83663	-8.14888	5.75	-8.05	1.81752	1.81753
5.79873	-7.90845	1.70254	2.1894	5.81186	-7.95139	5.85	-7.95	1.81752	1.81752
5.79873	-7.90845	1.70254	2.1894	5.99151	-7.92468	5.95	-7.85	1.8194	1.8194
6.01602	-7.70848	1.79645	2.06259	6.04627	-7.74932	6.05	-7.75	1.81941	1.8194
6.01602	-7.70848	1.79645	2.06259	6.05883	-7.47931	6.15	-7.6	1.81742	2.72613
6.23773	-7.45976	1.87125	2.13032	6.26179	-7.43797	6.25	-7.45	1.8174	2.72611
6.23773	-7.45976	1.87125	2.13032	6.3458	-7.29797	6.4	-7.35	2.7248	1.81653
6.49801	-7.2348	2.04028	2.10043	6.55234	-7.24441	6.55	-7.25	2.72477	1.81651
6.49801	-7.2348	2.04028	2.10043	6.61964	-7.17343	6.65	-7.2	1.81957	0.909789
6.7339	-7.07841	2.07652	1.86839	6.74556	-7.15305	6.75	-7.15	1.81957	0.909785
6.7339	-7.07841	2.07652	1.86839	6.91901	-7.04822	6.9	-7.05	2.72946	1.81964
7.01543	-6.90654	2.24257	1.76405	7.06886	-6.94012	7.05	-6.95	2.72946	1.81964
7.01543	-6.90654	2.24257	1.76405	7.12574	-6.81829	7.15	-6.85	1.81554	1.81554
7.25755	-6.72536	2.22723	1.7231	7.25262	-6.73852	7.25	-6.75	1.81554	1.81554
7.25755	-6.72536	2.22723	1.7231	7.30586	-6.61905	7.35	-6.65	1.82007	1.82007
7.47998	-6.53714	2.15772	1.71959	7.45762	-6.53827	7.45	-6.55	1.82005	1.82005
7.47998	-6.53714	2.15772	1.71959	7.59546	-6.48319	7.6	-6.5	2.72628	0.908764
7.73027	-6.39848	2.19777	1.56206	7.74315	-6.44913	7.75	-6.45	2.72628	0.908764
7.73027	-6.39848	2.19777	1.56206	7.8486	-6.40709	7.85	-6.4	1.81656	0.908285
7.96532	-6.28398	2.17622	1.383	7.9584	-6.34152	7.95	-6.35	1.81656	0.908281
7.96532	-6.28398	2.17622	1.383	8.05398	-6.23227	8.1	-6.25	2.73006	1.82003
8.22607	-6.14024	2.24354	1.35732	8.24773	-6.1485	8.25	-6.15	2.73005	1.82003
8.22607	-6.14024	2.24354	1.35732	8.32369	-5.98136	8.4	-6.05	2.72692	1.81795
8.51219	-5.96544	2.36596	1.43669	8.55156	-5.93992	8.55	-5.95	2.7269	1.81794
8.51219	-5.96544	2.36596	1.43669	8.63806	-5.84559	8.65	-5.85	1.81844	1.81844
8.76336	-5.77995	2.33778	1.52229	8.7543	-5.75242	8.75	-5.75	1.81843	1.81843
8.76336	-5.77995	2.33778	1.52229	9.00947	-5.71389	8.9	-5.65	2.72464	1.81643
9.04094	-5.57683	2.40061	1.63291	9.06113	-5.54128	9.05	-5.55	2.72465	1.81643
9.04094	-5.57683	2.40061	1.63291	9.13937	-5.44533	9.15	-5.45	1.81916	1.81918
9.27472	-5.36628	2.3067	1.72957	9.24452	-5.3352	9.25	-5.35	1.81916	1.81916
9.27472	-5.36628	2.3067	1.72957	9.26221	-5.25032	9.35	-5.3	1.81895	0.909466
9.48245	-5.21702	2.1637	1.60212	9.43645	-5.25801	9.45	-5.25	1.81894	0.90947
9.48245	-5.21702	2.1637	1.60212	9.71784	-5.19928	9.55	-5.1	1.81986	2.72981
9.6847	-4.99708	2.053	1.73879	9.64908	-4.9531	9.65	-4.95	1.81987	2.72981
9.6847	-4.99708	2.053	1.73879	9.67182	-4.82288	9.75	-4.85	1.81736	1.81735
9.88875	-4.7765	1.98481	1.82986	9.86682	-4.74721	9.85	-4.75	1.81736	1.81735
9.88875	-4.7765	1.98481	1.82986	9.94653	-4.64316	9.95	-4.65	1.81806	1.81805
10.0889	-4.55919	1.92801	1.87972	10.0706	-4.54316	10.05	-4.55	1.81805	1.81805
10.0889	-4.55919	1.92801	1.87972	10.4074	-4.52899	10.2	-4.45	2.72609	1.8174
10.3221	-4.3517	1.99348	1.88168	10.3431	-4.35107	10.35	-4.35	2.72606	1.81737
10.3221	-4.3517	1.99348	1.88168	10.3837	-4.17982	10.4	-4.2	0.908945	2.72688
10.4996	-4.10773	1.8634	1.99683	10.4578	-4.07071	10.45	-4.05	0.908953	2.72687
10.4996	-4.10773	1.8634	1.99683	10.5531	-3.94939	10.55	-3.95	1.81903	1.81904
10.6735	-3.86474	1.76677	2.06984	10.6424	-3.84126	10.65	-3.85	1.81902	1.81903
10.6735	-3.86474	1.76677	2.06984	10.6157	-3.63689	10.75	-3.7	1.81931	2.72896
10.8625	-3.58844	1.75043	2.22175	10.8572	-3.53957	10.85	-3.55	1.81931	2.72896
10.8625	-3.58844	1.75043	2.22175	10.8149	-3.35552	10.9	-3.4	0.999745	2.99928
10.989	-3.30908	1.59889	2.40003	10.9372	-3.24816	10.95	-3.25	0.999754	2.99928
10.989	-3.30908	1.59889	2.40003	10.9078	-3.10703	11.05	-3.15	1.81764	1.81765
11.1502	-3.05089	1.55301	2.38167	11.135	-3.05697	11.15	-3.05	1.81763	1.81764
11.1502	-3.05089	1.55301	2.38167	11.1507	-2.87978	11.2	-2.9	0.909657	2.72896
11.2893	-2.76646	1.45438	2.45214	11.2571	-2.74346	11.25	-2.75	0.909648	2.72893
11.2893	-2.76646	1.45438	2.45214	11.2614	-2.58697	11.2	-2.6	-0.998725	2.99617
11.2924	-2.48823	1.00941	2.55421	11.1393	-2.45312	11.15	-2.45	-0.998725	2.99616
11.2924	-2.48823	1.00941	2.55421	11.2346	-2.28949	11.2	-2.3	0.908813	2.72643
11.3227	-2.18651	0.757627	2.61867	11.239	-2.16508	11.25	-2.15	0.908805	2.7264
11.3227	-2.18651	0.757627	2.61867	11.1623	-1.9797	11.3	-2	0.909855	2.72956
11.3745	-1.87515	0.659467	2.6921	11.3424	-1.85113	11.35	-1.85	0.909847	2.72953
