8.46292	0.243462	0	0	8.46292	0.243462	8.6	0.25	-3.00029	0
8.46292	0.243462	0	0	8.44818	0.251553	8.45	0.25	-3.00027	0
8.55888	0.241774	-0.00848693	-0.040677	8.56759	0.241943	8.45	0.25	0	0
8.55888	0.241774	-0.00848693	-0.040677	8.45582	0.253997	8.45	0.25	0	0
8.44095	0.259324	-1.26825	0.170478	8.42544	0.254042	8.35	0.25	-1.81979	0
8.44095	0.259324	-1.26825	0.170478	8.23962	0.24916	8.25	0.25	-1.81978	0
8.09016	0.175764	-2.8881	-0.451061	7.93286	0.188391	8.05	0.2	-3.99976	-0.99994
8.09016	0.175764	-2.8881	-0.451061	7.84073	0.159858	7.85	0.15	-3.99972	-0.99993
7.73945	0.156744	-3.09923	-0.334694	7.61269	0.155818	7.7	0.15	-2.99982	0
7.73945	0.156744	-3.09923	-0.334694	7.54016	0.159641	7.55	0.15	-2.99982	0
7.49208	0.0997739	-2.33414	-0.40652	7.50815	0.0953827	7.45	0.100001	-1.8165	-0.908239
7.49208	0.0997739	-2.33414	-0.40652	7.3426	0.0345312	7.35	0.0500011	-1.81648	-0.90823
7.2058	0.0292535	-2.6313	-0.47969	7.20598	0.00492725	7.2	9.49949e-07	-2.72851	-0.909507
7.2058	0.0292535	-2.6313	-0.47969	7.05406	-0.0533413	7.05	-0.0499992	-2.72849	-0.909499
6.94347	-0.0958826	-2.02539	-0.680778	6.74585	-0.143185	6.95	-0.15	-1.81898	-1.81898
6.94347	-0.0958826	-2.02539	-0.680778	6.84972	-0.258748	6.85	-0.25	-1.81896	-1.81897
6.72021	-0.257348	-2.05011	-0.915395	6.66966	-0.346668	6.75	-0.349999	-2.00076	-2.00075
6.72021	-0.257348	-2.05011	-0.915395	6.64329	-0.462604	6.65	-0.449999	-2.00076	-2.00075
6.59026	-0.462983	-1.34163	-1.26116	6.60862	-0.557035	6.6	-0.549999	-0.998836	-1.99769
6.59026	-0.462983	-1.34163	-1.26116	6.56029	-0.650892	6.55	-0.65	-0.99884	-1.99769
6.48597	-0.727525	-0.850402	-1.66623	6.40696	-0.842921	6.5	-0.85	-0.908747	-3.63498
6.48597	-0.727525	-0.850402	-1.66623	6.45805	-1.05268	6.45	-1.05	-0.908739	-3.63494
6.34552	-1.00254	-1.30369	-1.85494	6.38626	-1.15695	6.35	-1.15	-1.81897	-1.81898
6.34552	-1.00254	-1.30369	-1.85494	6.25499	-1.25007	6.25	-1.25	-1.81896	-1.81896
6.36547	-1.39625	0.274569	-2.66925	6.43125	-1.48148	6.3	-1.45	0.909739	-3.63894
6.36547	-1.39625	0.274569	-2.66925	6.36328	-1.65656	6.35	-1.65	0.909727	-3.63891
6.31414	-1.69219	-0.457588	-2.53862	6.3228	-1.81431	6.3	-1.8	-0.999494	-2.9985
6.31414	-1.69219	-0.457588	-2.53862	6.24641	-1.95075	6.25	-1.95	-0.999489	-2.99847
6.33248	-2.06191	0.284793	-3.08477	6.31851	-2.10969	6.3	-2.1	0.999984	-2.99994
6.33248	-2.06191	0.284793	-3.08477	6.34644	-2.23829	6.35	-2.25	0.999979	-2.99994
6.33223	-2.3731	-0.000292515	-2.95481	6.32593	-2.40018	6.35	-2.4	0	-2.72613
6.33223	-2.3731	-0.000292515	-2.95481	6.34927	-2.55175	6.35	-2.55	0	-2.72611
6.38098	-2.7269	0.42441	-3.18501	6.43125	-2.71878	6.4	-2.7	0.909499	-2.72851
6.38098	-2.7269	0.42441	-3.18501	6.43257	-2.84245	6.45	-2.85	0.909503	-2.72851
6.42326	-3.02164	0.285726	-3.00304	6.46536	-3.00452	6.45	-3	0	-2.99754
6.42326	-3.02164	0.285726	-3.00304	6.44119	-3.14955	6.45	-3.15	0	-2.99754
6.49372	-3.34799	0.617627	-3.16967	6.52249	-3.32007	6.5	-3.3	0.910402	-2.7312
6.49372	-3.34799	0.617627	-3.16967	6.5453	-3.45745	6.55	-3.45	0.910402	-2.7312
6.61673	-3.68118	1.01561	-3.293	6.6358	-3.59197	6.65	-3.6	1.81722	-2.72583
6.61673	-3.68118	1.01561	-3.293	6.76011	-3.75457	6.75	-3.75	1.81721	-2.72581
6.74748	-3.97667	0.92528	-3.0251	6.83625	-3.92723	6.8	-3.9	0.907988	-2.72396
6.74748	-3.97667	0.92528	-3.0251	6.85997	-4.05805	6.85	-4.05	0.907976	-2.72393
6.86324	-4.26146	0.91448	-2.86795	6.86943	-4.18507	6.9	-4.2	0.909334	-2.72801
6.86324	-4.26146	0.91448	-2.86795	6.94332	-4.34473	6.95	-4.35	0.90933	-2.72799
6.96124	-4.51116	0.647334	-2.5152	7.05156	-4.49706	7	-4.45	0.910054	-1.8201
6.96124	-4.51116	0.647334	-2.5152	7.04099	-4.55018	7.05	-4.55	0.910054	-1.8201
7.07479	-4.75852	0.868491	-2.52932	7.10252	-4.67934	7.1	-4.7	0.908302	-2.72489
7.07479	-4.75852	0.868491	-2.52932	7.14735	-4.86125	7.15	-4.85	0.908297	-2.72489
7.238	-5.06162	1.36448	-2.84503	7.3138	-5.05204	7.25	-5	1.81907	-2.72861
7.238	-5.06162	1.36448	-2.84503	7.30424	-5.15404	7.35	-5.15	1.81907	-2.72861
7.3727	-5.3317	1.21824	-2.65192	7.29446	-5.23429	7.4	-5.3	0.908194	-2.7246
7.3727	-5.3317	1.21824	-2.65192	7.44737	-5.45308	7.45	-5.45	0.90819	-2.72457
7.53144	-5.60461	1.25515	-2.59244	7.63082	-5.61863	7.55	-5.55	1.81974	-1.81974
7.53144	-5.60461	1.25515	-2.59244	7.64356	-5.66706	7.65	-5.65	1.81972	-1.81972
7.66737	-5.85193	1.20614	-2.4654	7.60376	-5.74774	7.7	-5.8	0.90983	-2.72951
7.66737	-5.85193	1.20614	-2.4654	7.7342	-5.95374	7.75	-5.95	0.909826	-2.72948
7.85389	-6.14572	1.76486	-2.89571	7.82165	-6.06822	7.85	-6.1	1.9986	-2.9979
7.85389	-6.14572	1.76486	-2.89571	7.95703	-6.24328	7.95	-6.25	1.99858	-2.99787
8.03868	-6.40309	1.50574	-2.5726	8.17338	-6.44684	8.05	-6.35	1.81738	-1.81739
8.03868	-6.40309	1.50574	-2.5726	8.15891	-6.45335	8.15	-6.45	1.81737	-1.81737
8.18898	-6.6459	1.38899	-2.40898	8.08628	-6.51855	8.2	-6.6	0.909293	-2.72787
8.18898	-6.6459	1.38899	-2.40898	8.25411	-6.74791	8.25	-6.75	0.909293	-2.72787
8.34508	-6.89365	1.45467	-2.4194	8.25648	-6.78122	8.35	-6.85	1.81994	-1.81993
8.34508	-6.89365	1.45467	-2.4194	8.44494	-6.95805	8.45	-6.95	1.81993	-1.81993
8.48798	-7.12384	1.41423	-2.34857	8.39359	-7.01743	8.5	-7.1	1.00006	-3.00018
8.48798	-7.12384	1.41423	-2.34857	8.54925	-7.24433	8.55	-7.25	1.00006	-3.00018
8.66384	-7.4018	1.79321	-2.7129	8.64403	-7.39047	8.65	-7.4	1.99807	-2.99712
8.66384	-7.4018	1.79321	-2.7129	8.73559	-7.5421	8.75	-7.55	1.99808	-2.99712
8.80797	-7.64254	1.29363	-2.25217	8.87176	-7.71912	8.8	-7.65	0.909955	-1.8199
8.80797	-7.64254	1.29363	-2.25217	8.84538	-7.75497	8.85	-7.75	0.909946	-1.81988
8.9448	-7.90341	1.42627	-2.42235	8.88333	-7.88636	8.9	-7.9	0.999086	-2.9973
8.9448	-7.90341	1.42627	-2.42235	8.95966	-8.0381	8.95	-8.05	0.999095	-2.9973
9.0303	-8.11535	1.02319	-2.07928	8.8564	-8.01424	9	-8.15	0.909309	-1.8186
9.0303	-8.11535	1.02319	-2.07928	9.05896	-8.24314	9.05	-8.25	0.909301	-1.81859
9.15558	-8.38971	1.28014	-2.40447	9.17781	-8.47056	9.1	-8.4	1.0004	-3.00119
9.15558	-8.38971	1.28014	-2.40447	9.15332	-8.54857	9.15	-8.55	1.00038	-3.00117
9.24694	-8.62803	0.956663	-2.14638	9.22922	-8.6898	9.2	-8.65	0.909508	-1.819
9.24694	-8.62803	0.956663	-2.14638	9.24541	-8.76863	9.25	-8.75	0.9095	-1.81899
9.41746	-8.98601	1.84683	-3.15467	9.37748	-9.00609	9.35	-8.95	1.99965	-3.99928
9.41746	-8.98601	1.84683	-3.15467	9.44703	-9.15328	9.45	-9.15	1.99964	-3.99928
9.54025	-9.23818	1.27682	-2.57244	9.50096	-9.25642	9.5	-9.25	0.999584	-1.99917
9.54025	-9.23818	1.27682	-2.57244	9.54157	-9.35195	9.55	-9.35	0.999584	-1.99917
9.61972	-9.47996	1.03669	-2.39158	9.47534	-9.42627	9.55	-9.5	0	-3.00023
9.61972	-9.47996	1.03669	-2.39158	9.54779	-9.64959	9.55	-9.65	0	-3.0002
9.71627	-9.77575	1.15929	-2.64537	9.69942	-9.88416	9.6	-9.8	0.999005	-2.997
9.71627	-9.77575	1.15929	-2.64537	9.64606	-9.9341	9.65	-9.95	0.998995	-2.997
9.77374	-10.0231	0.794713	-2.32697	9.60087	-9.96395	9.7	-10.05	0.909855	-1.81969
9.77374	-10.0231	0.794713	-2.32697	9.73801	-10.1396	9.75	-10.15	0.909847	-1.81969
9.85367	-10.3074	0.813506	-2.43231	9.92627	-10.4745	9.75	-10.3	0	-3.00065
9.85367	-10.3074	0.813506	-2.43231	9.75524	-10.4732	9.75	-10.45	0	-3.00063
9.90922	-10.5917	0.874346	-2.61727	9.71825	-10.5087	9.8	-10.6	0.90817	-2.72451
9.90922	-10.5917	0.874346	-2.61727	9.85048	-10.7526	9.85	-10.75	0.908161	-2.72448
9.95367	-10.8715	0.57248	-2.36734	9.88465	-10.9383	9.85	-10.9	0	-2.73074
9.95367	-10.8715	0.57248	-2.36734	9.83614	-11.041	9.85	-11.05	0	-2.73073
9.97572	-11.1551	0.549845	-2.48907	9.83952	-11.1692	9.85	-11.2	0	-2.99965
9.97572	-11.1551	0.549845	-2.48907	9.84568	-11.3496	9.85	-11.35	0	-2.99961
9.98345	-11.4513	0.467793	-2.58258	9.87961	-11.5637	9.85	-11.5	0	-2.99843
9.98345	-11.4513	0.467793	-2.58258	9.83206	-11.6307	9.85	-11.65	0	-2.99843
9.94135	-11.6761	-0.138184	-1.96615	9.85311	-11.8523	9.8	-11.75	-1.0003	-2.00061
9.94135	-11.6761	-0.138184	-1.96615	9.74928	-11.8442	9.75	-11.85	-1.00029	-2.00059
9.87795	-11.9335	-0.115479	-2.22183	9.69694	-11.9706	9.7	-12	-1.0004	-3.00119
9.87795	-11.9335	-0.115479	-2.22183	9.65354	-12.1497	9.65	-12.15	-1.00039	-3.00116
9.79758	-12.1761	-0.442572	-1.98899	9.72311	-12.3964	9.6	-12.25	-0.999885	-1.99981
9.79758	-12.1761	-0.442572	-1.98899	9.54859	-12.3478	9.55	-12.35	-0.999884	-1.99979
9.65313	-12.3605	-0.886797	-1.59849	9.39039	-12.3902	9.45	-12.45	-1.99803	-1.99805
9.65313	-12.3605	-0.886797	-1.59849	9.36086	-12.5501	9.35	-12.55	-1.99804	-1.99804
9.49803	-12.5922	-0.949916	-1.78098	9.34456	-12.7106	9.3	-12.65	-0.909773	-1.81953
9.49803	-12.5922	-0.949916	-1.78098	9.22134	-12.7613	9.25	-12.75	-0.909773	-1.81954
9.29143	-12.744	-1.60312	-1.02743	9.15326	-13.0031	9.05	-12.85	-3.99257	-1.99629
9.29143	-12.744	-1.60312	-1.02743	8.84161	-12.9519	8.85	-12.95	-3.99253	-1.99627
9.01356	-12.8992	-1.85349	-1.02567	8.71632	-12.9613	8.75	-13	-1.8213	-0.910651
9.01356	-12.8992	-1.85349	-1.02567	8.66358	-13.0431	8.65	-13.05	-1.8213	-0.910651
8.72982	-13.022	-2.1793	-0.775559	8.54518	-13.1702	8.5	-13.1	-2.997	-0.999005
8.72982	-13.022	-2.1793	-0.775559	8.35763	-13.1557	8.35	-13.15	-2.997	-0.998995
8.41734	-13.0786	-2.57398	-0.301905	8.22926	-13.1698	8.2	-13.15	-2.72741	0
8.41734	-13.0786	-2.57398	-0.301905	8.03583	-13.1513	8.05	-13.15	-2.72742	0
8.05972	-13.1167	-2.76352	-0.207388	7.82914	-13.0525	7.9	-13.15	-2.72986	0
8.05972	-13.1167	-2.76352	-0.207388	7.76538	-13.1647	7.75	-13.15	-2.72986	0
7.73033	-13.2257	-2.66725	-0.688138	7.66146	-13.3079	7.6	-13.2	-2.9979	-0.999304
7.73033	-13.2257	-2.66725	-0.688138	7.44786	-13.2517	7.45	-13.25	-2.9979	-0.999304
7.40372	-13.238	-2.90946	-0.246394	7.21108	-13.0985	7.3	-13.25	-2.72846	0
7.40372	-13.238	-2.90946	-0.246394	7.16011	-13.2382	7.15	-13.25	-2.72844	0
7.06383	-13.1596	-3.20761	0.462736	6.88472	-12.9588	7	-13.2	-2.99784	0.999284
7.06383	-13.1596	-3.20761	0.462736	6.84891	-13.1493	6.85	-13.15	-2.99784	0.999284
6.72793	-13.1153	-3.24085	0.534282	6.77424	-13.2337	6.7	-13.1	-2.72787	0.909275
6.72793	-13.1153	-3.24085	0.534282	6.55759	-13.0679	6.55	-13.05	-2.72787	0.909284
6.38051	-13.0999	-3.09778	0.148679	6.40137	-13.0799	6.4	-13.05	-2.72678	0
6.38051	-13.0999	-3.09778	0.148679	6.26174	-13.0534	6.25	-13.05	-2.72678	0
6.06407	-13.0377	-3.1324	0.437728	6.10143	-13.0076	6.1	-13	-2.72966	0.909888
6.06407	-13.0377	-3.1324	0.437728	5.94198	-12.9494	5.95	-12.95	-2.72963	0.90988
5.76247	-12.8658	-3.34612	1.3911	5.79854	-12.8478	5.8	-12.85	-2.99777	1.99851
5.76247	-12.8658	-3.34612	1.3911	5.65107	-12.7365	5.65	-12.75	-2.99778	1.99852
5.45714	-12.7504	-3.09674	0.878054	5.50547	-12.5721	5.55	-12.7	-1.81798	0.908995
5.45714	-12.7504	-3.09674	0.878054	5.43839	-12.652	5.45	-12.65	-1.81799	0.908995
5.17901	-12.5599	-3.11786	1.4668	5.27506	-12.4782	5.3	-12.55	-2.72627	1.81753
5.17901	-12.5599	-3.11786	1.4668	5.1307	-12.4684	5.15	-12.45	-2.72625	1.8175
4.90573	-12.3878	-2.96557	1.42013	5.04446	-12.3808	5.05	-12.35	-1.8199	1.81989
4.90573	-12.3878	-2.96557	1.42013	4.92985	-12.2499	4.95	-12.25	-1.81991	1.8199
4.66466	-12.1713	-2.87316	1.68939	4.75061	-11.9803	4.85	-12.15	-1.99928	1.99929
4.66466	-12.1713	-2.87316	1.68939	4.75915	-12.0666	4.75	-12.05	-1.99928	1.99928
4.47586	-11.9392	-2.69912	1.93144	4.69113	-11.9084	4.7	-11.9	-0.908236	2.72471
4.47586	-11.9392	-2.69912	1.93144	4.64378	-11.7442	4.65	-11.75	-0.908231	2.7247
4.3355	-11.7248	-2.28753	1.5855	4.59746	-11.6205	4.6	-11.65	-0.909847	1.81971
4.3355	-11.7248	-2.28753	1.5855	4.54975	-11.5706	4.55	-11.55	-0.909843	1.81969
4.2106	-11.3813	-2.3734	2.92037	4.47442	-11.3673	4.5	-11.35	-1.0008	4.0032
4.2106	-11.3813	-2.3734	2.92037	4.44059	-11.1496	4.45	-11.15	-1.0008	4.00321
4.16151	-11.1332	-1.70594	1.97694	4.43713	-11.024	4.45	-11.05	0	1.81614
4.16151	-11.1332	-1.70594	1.97694	4.45136	-10.93	4.45	-10.95	0	1.81612
4.14402	-10.8508	-1.39954	2.20719	4.44745	-10.786	4.45	-10.8	0	2.72555
4.14402	-10.8508	-1.39954	2.20719	4.45788	-10.6457	4.45	-10.65	0	2.72554
4.15963	-10.5689	-1.05411	2.27648	4.46329	-10.5756	4.45	-10.5	0	2.729
4.15963	-10.5689	-1.05411	2.27648	4.44057	-10.3382	4.45	-10.35	0	2.72898
4.22537	-10.281	-0.643619	2.25638	4.51895	-10.2367	4.5	-10.2	0.908962	2.72687
4.22537	-10.281	-0.643619	2.25638	4.54925	-10.0439	4.55	-10.05	0.908954	2.72685
4.33079	-9.98675	-0.270839	2.33347	4.63224	-9.9707	4.6	-9.9	0.909756	2.72927
4.33079	-9.98675	-0.270839	2.33347	4.63755	-9.74952	4.65	-9.75	0.909752	2.72926
4.43591	-9.65317	-0.00194371	2.53493	4.60757	-9.4335	4.7	-9.6	0.90859	2.72578
4.43591	-9.65317	-0.00194371	2.53493	4.74589	-9.4609	4.75	-9.45	0.908586	2.72576
4.61928	-9.36342	0.51932	2.30057	4.89179	-9.39473	4.85	-9.3	1.81967	2.72952
4.61928	-9.36342	0.51932	2.30057	4.94849	-9.13867	4.95	-9.15	1.81967	2.72951
4.8133	-9.09324	0.957122	2.126	4.95209	-8.96272	5	-9.05	0.999884	1.99977
4.8133	-9.09324	0.957122	2.126	5.04121	-8.94979	5.05	-8.95	0.999874	1.99974
5.00837	-8.84261	1.1568	2.19462	5.20806	-8.88942	5.15	-8.8	1.81805	2.72708
5.00837	-8.84261	1.1568	2.19462	5.26887	-8.63564	5.25	-8.65	1.81803	2.72705
5.24543	-8.60017	1.56859	1.98971	5.3785	-8.56768	5.35	-8.55	1.99956	1.99957
5.24543	-8.60017	1.56859	1.98971	5.44864	-8.42738	5.45	-8.45	1.99954	1.99954
5.45263	-8.38484	1.66597	1.99998	5.56465	-8.44845	5.5	-8.35	0.909045	1.81807
5.45263	-8.38484	1.66597	1.99998	5.53862	-8.24357	5.55	-8.25	0.909045	1.81808
5.65582	-8.13478	1.70139	2.07736	5.64921	-8.02513	5.7	-8.1	2.72608	2.72608
5.65582	-8.13478	1.70139	2.07736	5.85094	-7.95601	5.85	-7.95	2.72606	2.72606
5.89157	-7.88896	1.8798	2.03347	5.93492	-7.84119	5.95	-7.85	1.81801	1.81801
5.89157	-7.88896	1.8798	2.03347	6.05986	-7.73559	6.05	-7.75	1.81802	1.81801
6.1172	-7.65475	1.93911	2.0384	6.13741	-7.63243	6.15	-7.65	1.81798	1.81798
6.1172	-7.65475	1.93911	2.0384	6.25659	-7.54336	6.25	-7.55	1.81798	1.81798
6.35207	-7.43461	2.03927	1.97858	6.39143	-7.46358	6.35	-7.45	1.82027	1.82027
6.35207	-7.43461	2.03927	1.97858	6.452	-7.36418	6.45	-7.35	1.82025	1.82025
6.60252	-7.22832	2.37187	1.7344	6.47916	-7.09783	6.6	-7.25	2.99862	1.99908
6.60252	-7.22832	2.37187	1.7344	6.7556	-7.14598	6.75	-7.15	2.99862	1.99908
6.77462	-7.02039	1.90308	2.04653	6.68682	-6.93297	6.8	-7.05	0.908005	1.816
6.77462	-7.02039	1.90308	2.04653	6.86356	-6.94732	6.85	-6.95	0.908	1.81601
7.03755	-6.83431	2.30812	1.72178	7.08741	-6.92602	7	-6.85	2.72856	1.81904
7.03755	-6.83431	2.30812	1.72178	7.15695	-6.75136	7.15	-6.75	2.72854	1.81902
7.24941	-6.64016	1.9755	1.92229	7.29976	-6.68807	7.25	-6.65	1.8202	1.8202
7.24941	-6.64016	1.9755	1.92229	7.35505	-6.56058	7.35	-6.55	1.82018	1.82018
7.54322	-6.48505	2.68908	1.43289	7.53544	-6.5372	7.5	-6.5	2.99964	0.999884
7.54322	-6.48505	2.68908	1.43289	7.65664	-6.46417	7.65	-6.45	2.99964	0.999884
7.77257	-6.35091	2.45258	1.47415	7.67559	-6.34628	7.75	-6.4	1.81709	0.908549
7.77257	-6.35091	2.45258	1.47415	7.85193	-6.35845	7.85	-6.35	1.81709	0.908545
8.02296	-6.21425	2.37351	1.44254	8.03231	-6.28406	8	-6.25	2.72931	1.81954
8.02296	-6.21425	2.37351	1.44254	8.13749	-6.14586	8.15	-6.15	2.72928	1.81952
8.23131	-6.04595	2.05065	1.62652	8.21488	-6.01843	8.25	-6.05	1.99977	1.99976
8.23131	-6.04595	2.05065	1.62652	8.33626	-5.94674	8.35	-5.95	1.99977	1.99976
8.51339	-5.89053	2.59012	1.35681	8.50318	-5.89335	8.5	-5.9	2.72796	0.909326
8.51339	-5.89053	2.59012	1.35681	8.65894	-5.86309	8.65	-5.85	2.72796	0.909321
8.73726	-5.73165	2.079	1.59141	8.77185	-5.74314	8.75	-5.75	1.81776	1.81775
8.73726	-5.73165	2.079	1.59141	8.85444	-5.64273	8.85	-5.65	1.81774	1.81773
8.94882	-5.56407	1.95758	1.65167	9.02394	-5.6024	8.95	-5.55	1.99657	1.99656
8.94882	-5.56407	1.95758	1.65167	9.05088	-5.45385	9.05	-5.45	1.99654	1.99655
9.20866	-5.38894	2.52388	1.4224	9.04088	-5.29691	9.2	-5.4	2.72728	0.909094
9.20866	-5.38894	2.52388	1.4224	9.34223	-5.32623	9.35	-5.35	2.72727	0.90909
9.41239	-5.22742	1.94882	1.62911	9.39579	-5.21659	9.45	-5.25	1.81816	1.81815
9.41239	-5.22742	1.94882	1.62911	9.55303	-5.13194	9.55	-5.15	1.81813	1.81813
9.61854	-5.06209	1.79527	1.66492	9.75019	-5.14652	9.65	-5.05	1.82036	1.82036
9.61854	-5.06209	1.79527	1.66492	9.7586	-4.93134	9.75	-4.95	1.82036	1.82037
9.81886	-4.863	1.69008	1.74908	9.9198	-4.86941	9.85	-4.85	1.81578	1.81577
9.81886	-4.863	1.69008	1.74908	9.95641	-4.74358	9.95	-4.75	1.81575	1.81575
9.99963	-4.62928	1.55657	1.88548	10.0029	-4.54771	10.05	-4.6	1.82039	2.7306
9.99963	-4.62928	1.55657	1.88548	10.1428	-4.45119	10.15	-4.45	1.8204	2.7306
10.1873	-4.36838	1.57056	2.00674	10.1981	-4.26556	10.25	-4.3	1.81769	2.72652
10.1873	-4.36838	1.57056	2.00674	10.3644	-4.16342	10.35	-4.15	1.81768	2.7265
10.4334	-4.11908	1.96767	1.9913	10.5985	-4.12247	10.45	-4.05	1.81792	1.81792
10.4334	-4.11908	1.96767	1.9913	10.5415	-3.9454	10.55	-3.95	1.8179	1.8179
10.6459	-3.87972	1.83744	2.07134	10.7092	-3.85166	10.65	-3.85	1.81903	1.81904
10.6459	-3.87972	1.83744	2.07134	10.7616	-3.75002	10.75	-3.75	1.81902	1.81903
10.7808	-3.64292	1.23749	2.21294	10.795	-3.60617	10.8	-3.6	0.909773	2.72931
10.7808	-3.64292	1.23749	2.21294	10.8527	-3.46164	10.85	-3.45	0.909764	2.72928
10.9745	-3.37054	1.7361	2.20766	10.9584	-3.30584	10.95	-3.3	1.99953	2.99928
10.9745	-3.37054	1.7361	2.20766	11.0447	-3.1561	11.05	-3.15	1.9995	2.99925
11.0983	-3.09835	1.14128	2.38976	11.1178	-2.98807	11.1	-3	0.907725	2.72317
11.0983	-3.09835	1.14128	2.38976	11.1427	-2.86566	11.15	-2.85	0.907708	2.72314
11.2111	-2.78886	1.01763	2.50277	11.1491	-2.68183	11.2	-2.7	0.908929	2.72678
11.2111	-2.78886	1.01763	2.50277	11.2525	-2.55311	11.25	-2.55	0.908929	2.72678
11.1812	-2.49312	-0.210882	2.68664	11.1188	-2.36202	11.2	-2.4	-0.909276	2.72782
11.1812	-2.49312	-0.210882	2.68664	11.1594	-2.25598	11.15	-2.25	-0.909276	2.72782
11.3051	-2.13789	1.13027	2.67297	11.2029	-2.09837	11.25	-2.1	1.81915	2.72871
11.3051	-2.13789	1.13027	2.67297	11.3525	-1.95787	11.35	-1.95	1.81913	2.72869
11.3541	-1.84926	0.509246	2.70174	11.3011	-1.79507	11.35	-1.8	0	2.73035
11.3541	-1.84926	0.509246	2.70174	11.3326	-1.67041	11.35	-1.65	0	2.73033
11.2933	-1.55351	-0.321572	2.76125	11.0622	-1.44342	11.3	-1.5	-0.999165	2.99748
11.2933	-1.55351	-0.321572	2.76125	11.2595	-1.35818	11.25	-1.35	-0.999155	2.99745
11.2207	-1.26459	-0.626598	2.76713	11.1658	-1.23674	11.2	-1.25	-0.909822	1.81964
11.2207	-1.26459	-0.626598	2.76713	11.1524	-1.15803	11.15	-1.15	-0.909822	1.81964
11.0404	-0.989182	-1.5019	2.74209	10.8534	-0.929069	11.05	-0.95	-1.99817	3.99632
11.0404	-0.989182	-1.5019	2.74209	10.9584	-0.728742	10.95	-0.75	-1.99816	3.99632
10.921	-0.675031	-1.09947	2.79669	10.8608	-0.663121	10.9	-0.649999	-0.908549	1.8171
10.921	-0.675031	-1.09947	2.79669	10.8648	-0.553034	10.85	-0.549999	-0.908532	1.81708
10.7564	-0.411029	-1.5755	2.69236	10.8451	-0.437482	10.75	-0.45	-1.8174	1.81738
10.7564	-0.411029	-1.5755	2.69236	10.6542	-0.347474	10.65	-0.35	-1.8174	1.81738
10.485	-0.196359	-2.49278	2.48016	10.5062	-0.245062	10.5	-0.25	-2.72796	1.81864
10.485	-0.196359	-2.49278	2.48016	10.3438	-0.150982	10.35	-0.15	-2.72796	1.81864
10.2803	0.0260239	-2.04969	2.39798	10.4884	-0.0812124	10.25	-0.0999996	-1.81964	0.909826
10.2803	0.0260239	-2.04969	2.39798	10.1537	-0.0482457	10.15	-0.0499992	-1.81963	0.909818
10.0071	0.163892	-2.43551	2.09759	9.92588	0.00395802	10	9.49949e-07	-2.73049	0.910169
10.0071	0.163892	-2.43551	2.09759	9.85676	0.0351738	9.85	0.0500011	-2.73047	0.910161
9.7145	0.253695	-2.63429	1.77306	9.63973	0.0585714	9.7	0.0500011	-2.72439	0
9.7145	0.253695	-2.63429	1.77306	9.54669	0.0374948	9.55	0.0500011	-2.72438	0
9.4095	0.308587	-2.74621	1.4522	9.32242	0.112393	9.4	0.100001	-2.72773	0.90923
9.4095	0.308587	-2.74621	1.4522	9.24446	0.153574	9.25	0.15	-2.7277	0.909222
9.10862	0.356846	-2.74088	1.20034	9.0614	0.20077	9.1	0.2	-2.72652	0.908843
9.10862	0.356846	-2.74088	1.20034	8.94752	0.260272	8.95	0.25	-2.72653	0.908843
8.87618	0.393156	-2.17828	1.01946	8.90199	0.247143	8.85	0.25	-1.81847	0
8.87618	0.393156	-2.17828	1.01946	8.76016	0.263752	8.75	0.25	-1.81846	0
8.53164	0.390622	-3.13248	0.687483	8.46355	0.258809	8.55	0.25	-3.6326	0
8.53164	0.390622	-3.13248	0.687483	8.35367	0.252596	8.35	0.25	-3.6326	0
8.20667	0.371954	-2.84929	0.480218	8.05161	0.241868	8.2	0.25	-2.72841	0
8.20667	0.371954	-2.84929	0.480218	8.05411	0.247878	8.05	0.25	-2.72842	0
7.90479	0.329744	-2.67492	0.259829	7.78653	0.205765	7.9	0.2	-2.72708	-0.909025
7.90479	0.329744	-2.67492	0.259829	7.74339	0.144028	7.75	0.15	-2.72705	-0.909016
7.63	0.239619	-2.6888	-0.0313632	7.77346	0.0969346	7.6	0.100001	-2.73169	-0.910554
7.63	0.239619	-2.6888	-0.0313632	7.45362	0.0452052	7.45	0.0500011	-2.73169	-0.910554
7.30732	0.151495	-2.94653	-0.250309	7.15329	0.0425189	7.3	0.0500011	-2.99789	0
7.30732	0.151495	-2.94653	-0.250309	7.16618	0.0287673	7.15	0.0500011	-2.9979	0
7.09164	0.0403645	-2.17466	-0.459278	7.17215	-0.0469302	7.05	-0.0499995	-1.81811	-1.81813
7.09164	0.0403645	-2.17466	-0.459278	6.95426	-0.147757	6.95	-0.15	-1.8181	-1.81811
6.87542	-0.12333	-1.93653	-0.756396	6.83008	-0.250179	6.85	-0.25	-1.81646	-1.81646
6.87542	-0.12333	-1.93653	-0.756396	6.76395	-0.345347	6.75	-0.35	-1.81645	-1.81645
6.69479	-0.325819	-1.69248	-1.08083	6.74798	-0.457727	6.65	-0.45	-1.81901	-1.819
6.69479	-0.325819	-1.69248	-1.08083	6.54569	-0.565853	6.55	-0.549999	-1.81899	-1.81898
6.57923	-0.607041	-1.0063	-1.56892	6.565	-0.754748	6.5	-0.749999	-0.909789	-3.63914
6.57923	-0.607041	-1.0063	-1.56892	6.4494	-0.940848	6.45	-0.949999	-0.909781	-3.63911
6.47352	-0.931011	-0.925302	-2.01709	6.44213	-1.11266	6.4	-1.1	-1.0002	-3.00061
6.47352	-0.931011	-0.925302	-2.01709	6.34405	-1.26138	6.35	-1.25	-1.0002	-3.00061
6.38065	-1.23666	-0.879615	-2.31576	6.39474	-1.36501	6.3	-1.35	-1.00035	-2.00072
6.38065	-1.23666	-0.879615	-2.31576	6.25356	-1.42931	6.25	-1.45	-1.00036	-2.00072
6.33874	-1.57472	-0.265152	-2.76049	6.24787	-1.61119	6.25	-1.6	0	-2.99288
6.33874	-1.57472	-0.265152	-2.76049	6.23547	-1.75335	6.25	-1.75	0	-2.99285
6.36759	-1.9223	0.284934	-3.07145	6.41111	-1.93027	6.3	-1.9	0.909739	-2.72921
6.36759	-1.9223	0.284934	-3.07145	6.34873	-2.05372	6.35	-2.05	0.909735	-2.72921
6.39665	-2.23199	0.0938648	-2.91808	6.53066	-2.26346	6.35	-2.2	0	-2.72782
6.39665	-2.23199	0.0938648	-2.91808	6.36917	-2.33894	6.35	-2.35	0	-2.72779
6.39432	-2.55822	0.112023	-2.95315	6.27034	-2.51837	6.35	-2.55	0	-3.63689
6.39432	-2.55822	0.112023	-2.95315	6.34287	-2.73391	6.35	-2.75	0	-3.63689
6.4499	-2.92728	0.552807	-3.24788	6.45883	-2.92313	6.4	-2.9	0.908854	-2.72658
6.4499	-2.92728	0.552807	-3.24788	6.43866	-3.06257	6.45	-3.05	0.908859	-2.72658
6.52257	-3.26144	0.63372	-3.21283	6.49154	-3.20004	6.5	-3.2	0.908863	-2.72658
6.52257	-3.26144	0.63372	-3.21283	6.53579	-3.34211	6.55	-3.35	0.908855	-2.72655
6.62196	-3.57373	0.708232	-3.1037	6.70146	-3.53446	6.6	-3.5	0.908714	-2.72613
6.62196	-3.57373	0.708232	-3.1037	6.64657	-3.63945	6.65	-3.65	0.908702	-2.72611
6.72119	-3.88791	0.827592	-3.07389	6.70956	-3.81739	6.7	-3.8	0.909565	-2.72871
6.72119	-3.88791	0.827592	-3.07389	6.74885	-3.96368	6.75	-3.95	0.909561	-2.72869
6.8136	-4.17867	0.800873	-2.92634	6.73758	-4.06653	6.8	-4.1	0.908566	-2.72568
6.8136	-4.17867	0.800873	-2.92634	6.85796	-4.25464	6.85	-4.25	0.908561	-2.72569
6.97716	-4.50629	1.27273	-3.15034	7.10395	-4.49091	6.95	-4.4	1.81821	-2.72732
6.97716	-4.50629	1.27273	-3.15034	7.04679	-4.55716	7.05	-4.55	1.81822	-2.72732
7.11025	-4.78565	1.14112	-2.89209	7.02393	-4.64459	7.1	-4.7	0.91085	-2.73253
7.11025	-4.78565	1.14112	-2.89209	7.13435	-4.85502	7.15	-4.85	0.910837	-2.73251
7.23038	-5.03665	0.99895	-2.65261	7.24619	-4.97656	7.2	-4.95	1.00033	-2.00068
7.23038	-5.03665	0.99895	-2.65261	7.25317	-5.04605	7.25	-5.05	1.00033	-2.00066
7.38169	-5.30506	1.54899	-2.98928	7.22054	-5.09604	7.35	-5.2	1.9976	-2.9964
7.38169	-5.30506	1.54899	-2.98928	7.43604	-5.34825	7.45	-5.35	1.9976	-2.9964
7.49948	-5.52319	1.04657	-2.43772	7.40989	-5.38617	7.5	-5.45	0.908252	-1.8165
7.49948	-5.52319	1.04657	-2.43772	7.55662	-5.56714	7.55	-5.55	0.908244	-1.81648
7.6357	-5.77855	1.40289	-2.64796	7.39379	-5.52612	7.65	-5.7	1.81785	-2.72677
7.6357	-5.77855	1.40289	-2.64796	7.76459	-5.8425	7.75	-5.85	1.81785	-2.72677
7.76751	-6.00249	0.985462	-2.19137	7.84699	-6.00602	7.8	-5.95	0.909078	-1.81815
7.76751	-6.00249	0.985462	-2.19137	7.85921	-6.04502	7.85	-6.05	0.909073	-1.81815
7.93165	-6.25204	1.44545	-2.48784	7.89511	-6.1416	7.95	-6.2	1.8197	-2.72955
7.93165	-6.25204	1.44545	-2.48784	8.05619	-6.36041	8.05	-6.35	1.81969	-2.72953
8.13259	-6.52801	1.66602	-2.60212	8.2234	-6.53735	8.15	-6.5	1.8187	-2.72807
8.13259	-6.52801	1.66602	-2.60212	8.25446	-6.64851	8.25	-6.65	1.81869	-2.72804
8.27718	-6.75691	1.19592	-2.1457	8.32206	-6.77114	8.3	-6.75	0.908979	-1.81795
8.27718	-6.75691	1.19592	-2.1457	8.31728	-6.8399	8.35	-6.85	0.908979	-1.81795
8.39947	-6.99918	1.27169	-2.24001	8.2713	-6.91098	8.4	-7	0.909094	-2.72732
8.39947	-6.99918	1.27169	-2.24001	8.44183	-7.15372	8.45	-7.15	0.909102	-2.72732
8.56813	-7.28132	1.59655	-2.54975	8.54154	-7.25975	8.55	-7.3	1.81751	-2.72628
8.56813	-7.28132	1.59655	-2.54975	8.65899	-7.4699	8.65	-7.45	1.81752	-2.72628
8.7101	-7.53705	1.16823	-2.17745	8.83598	-7.68162	8.7	-7.55	0.908615	-1.81723
8.7101	-7.53705	1.16823	-2.17745	8.76769	-7.64094	8.75	-7.65	0.908607	-1.81721
8.86705	-7.80991	1.54396	-2.53611	8.77916	-7.72457	8.85	-7.8	1.8215	-2.73224
8.86705	-7.80991	1.54396	-2.53611	8.95669	-7.95155	8.95	-7.95	1.82148	-2.73221
9.02938	-8.10253	1.53892	-2.58762	9.1081	-8.22433	9	-8.1	0.999025	-2.99707
9.02938	-8.10253	1.53892	-2.58762	9.05476	-8.24211	9.05	-8.25	0.999015	-2.99704
9.13069	-8.33197	0.991168	-2.09708	9.13825	-8.4037	9.1	-8.35	0.908285	-1.81657
9.13069	-8.33197	0.991168	-2.09708	9.14025	-8.44981	9.15	-8.45	0.908268	-1.81655
9.25054	-8.59323	1.17941	-2.31965	9.22081	-8.59155	9.2	-8.6	0.91012	-2.73036
9.25054	-8.59323	1.17941	-2.31965	9.25031	-8.76071	9.25	-8.75	0.910112	-2.73033
9.36197	-8.87721	1.19094	-2.42509	9.30208	-8.90831	9.3	-8.9	0.909524	-2.72856
9.36197	-8.87721	1.19094	-2.42509	9.34431	-9.04587	9.35	-9.05	0.909524	-2.72856
9.47296	-9.1681	1.26341	-2.59821	9.39993	-9.18842	9.4	-9.2	0.999066	-2.99725
9.47296	-9.1681	1.26341	-2.59821	9.4452	-9.37195	9.45	-9.35	0.999075	-2.99724
9.57307	-9.45171	1.15191	-2.5701	9.48751	-9.46421	9.5	-9.5	0.909706	-2.7291
9.57307	-9.45171	1.15191	-2.5701	9.55098	-9.64789	9.55	-9.65	0.909706	-2.7291
9.66743	-9.74602	1.13145	-2.65064	9.57122	-9.75525	9.6	-9.8	1.00048	-3.00143
9.66743	-9.74602	1.13145	-2.65064	9.62408	-9.94149	9.65	-9.95	1.00046	-3.00141
9.73724	-9.99839	0.917866	-2.48485	9.61433	-9.96417	9.7	-10.05	0.998785	-1.99755
9.73724	-9.99839	0.917866	-2.48485	9.7457	-10.1502	9.75	-10.15	0.998775	-1.99754
9.79177	-10.2455	0.606455	-2.20437	9.77731	-10.3295	9.75	-10.3	0	-2.72851
9.79177	-10.2455	0.606455	-2.20437	9.76557	-10.4501	9.75	-10.45	0	-2.72849
9.863	-10.5604	0.806236	-2.55611	9.89592	-10.7137	9.8	-10.6	0.909012	-2.72704
9.863	-10.5604	0.806236	-2.55611	9.85066	-10.7537	9.85	-10.75	0.909012	-2.72703
9.90133	-10.8366	0.5744	-2.40429	9.84397	-10.9287	9.85	-10.9	0	-3.00318
9.90133	-10.8366	0.5744	-2.40429	9.85693	-11.0512	9.85	-11.05	0	-3.00316
9.92137	-11.101	0.561125	-2.51516	9.74773	-11.0482	9.85	-11.2	0	-3.00013
9.92137	-11.101	0.561125	-2.51516	9.84407	-11.3565	9.85	-11.35	0	-3.00012
9.9321	-11.4017	0.52884	-2.66866	9.79495	-11.4686	9.85	-11.5	0	-2.99592
9.9321	-11.4017	0.52884	-2.66866	9.83943	-11.6467	9.85	-11.65	0	-2.99592
9.89867	-11.6249	-0.101874	-1.97887	9.76634	-11.6976	9.8	-11.75	-0.908731	-1.81746
9.89867	-11.6249	-0.101874	-1.97887	9.74774	-11.8511	9.75	-11.85	-0.908731	-1.81746
9.83816	-11.9095	-0.183222	-2.11204	9.7856	-12.1262	9.7	-12	-0.909591	-2.72875
9.83816	-11.9095	-0.183222	-2.11204	9.64482	-12.1455	9.65	-12.15	-0.909582	-2.72873
9.74813	-12.1975	-0.302057	-2.22297	9.57233	-12.2948	9.6	-12.3	-0.908879	-2.72667
9.74813	-12.1975	-0.302057	-2.22297	9.55167	-12.4583	9.55	-12.45	-0.908879	-2.72665
9.60789	-12.4211	-0.808955	-1.74921	9.37132	-12.4833	9.45	-12.55	-1.82006	-1.82006
9.60789	-12.4211	-0.808955	-1.74921	9.359	-12.6499	9.35	-12.65	-1.82005	-1.82005
9.408	-12.5899	-1.33013	-1.2667	9.16109	-12.6848	9.2	-12.75	-3.00047	-2.00033
9.408	-12.5899	-1.33013	-1.2667	9.028	-12.8337	9.05	-12.85	-3.00048	-2.00033
9.15566	-12.7491	-1.66041	-1.11719	8.85918	-12.7953	8.95	-12.9	-1.81543	-0.907707
9.15566	-12.7491	-1.66041	-1.11719	8.84257	-12.9684	8.85	-12.95	-1.81542	-0.907708
8.88535	-12.9296	-1.81253	-1.22596	8.66865	-13.0114	8.7	-13.05	-2.73134	-1.82089
8.88535	-12.9296	-1.81253	-1.22596	8.55319	-13.1445	8.55	-13.15	-2.73135	-1.82089
8.57747	-12.9762	-2.46708	-0.323509	8.27267	-12.996	8.4	-13.15	-2.99683	0
8.57747	-12.9762	-2.46708	-0.323509	8.25965	-13.1488	8.25	-13.15	-2.9968	0
8.25031	-13.0831	-2.44779	-0.702747	8.04571	-13.0646	8.1	-13.2	-2.72707	-0.909028
8.25031	-13.0831	-2.44779	-0.702747	7.95841	-13.2508	7.95	-13.25	-2.72705	-0.90902
7.92094	-13.169	-2.72734	-0.391954	7.86599	-13.4154	7.8	-13.25	-2.7295	0
7.92094	-13.169	-2.72734	-0.391954	7.62489	-13.249	7.65	-13.25	-2.7295	0
7.59094	-13.2132	-2.88647	-0.234621	7.50783	-13.2944	7.5	-13.25	-2.99994	0
7.59094	-13.2132	-2.88647	-0.234621	7.3419	-13.2474	7.35	-13.25	-2.99994	0
7.26297	-13.1761	-3.1379	0.317977	7.19781	-13.1973	7.2	-13.2	-2.72698	0.908995
7.26297	-13.1761	-3.1379	0.317977	7.04935	-13.1606	7.05	-13.15	-2.72695	0.908987
6.89232	-13.1344	-3.1911	0.346891	6.79473	-13.0433	6.85	-13.15	-3.63709	0
6.89232	-13.1344	-3.1911	0.346891	6.65123	-13.1604	6.65	-13.15	-3.63709	0
6.54079	-13.0776	-3.33938	0.663832	6.54114	-13.2079	6.5	-13.1	-3.0006	1.00018
6.54079	-13.0776	-3.33938	0.663832	6.35317	-13.0396	6.35	-13.05	-3.0006	1.00019
6.20583	-13.0971	-3.08478	-0.0712961	6.27012	-13.1139	6.25	-13.05	-1.81729	0
6.20583	-13.0971	-3.08478	-0.0712961	6.14459	-13.0471	6.15	-13.05	-1.81729	0
5.91984	-12.9729	-3.24094	0.861234	5.99498	-12.9442	6	-12.95	-2.72861	1.81906
5.91984	-12.9729	-3.24094	0.861234	5.86379	-12.8408	5.85	-12.85	-2.72861	1.81907
5.6282	-12.8609	-3.16775	0.945461	5.73761	-12.8672	5.7	-12.8	-2.99988	0.999964
5.6282	-12.8609	-3.16775	0.945461	5.55118	-12.7486	5.55	-12.75	-2.99985	0.999954
5.35738	-12.7715	-3.02965	0.782216	5.45236	-12.7392	5.45	-12.7	-2.00001	1
5.35738	-12.7715	-3.02965	0.782216	5.35556	-12.6423	5.35	-12.65	-1.99998	0.999994
5.12804	-12.6145	-2.99577	1.25136	5.26451	-12.5511	5.25	-12.55	-1.99732	1.99733
5.12804	-12.6145	-2.99577	1.25136	5.13769	-12.4355	5.15	-12.45	-1.9973	1.9973
4.90401	-12.4576	-2.86384	1.40879	5.1317	-12.5744	5.05	-12.35	-1.8206	1.82059
4.90401	-12.4576	-2.86384	1.40879	4.94432	-12.2438	4.95	-12.25	-1.82058	1.82058
4.69872	-12.1951	-2.86395	2.19641	4.89215	-12.1623	4.85	-12.1	-1.9998	2.99969
4.69872	-12.1951	-2.86395	2.19641	4.75047	-11.9578	4.75	-11.95	-1.9998	2.9997
4.5092	-11.978	-2.55816	1.82321	4.6421	-11.7788	4.7	-11.85	-1.00002	2.00003
4.5092	-11.978	-2.55816	1.82321	4.63967	-11.7513	4.65	-11.75	-1.00001	2.00002
4.36561	-11.7102	-2.44012	2.30691	4.58347	-11.632	4.6	-11.6	-0.998955	2.99688
4.36561	-11.7102	-2.44012	2.30691	4.56619	-11.4576	4.55	-11.45	-0.99896	2.99689
4.25358	-11.4086	-2.20554	2.52718	4.46846	-11.2092	4.5	-11.3	-1.00106	3.00319
4.25358	-11.4086	-2.20554	2.52718	4.46017	-11.1425	4.45	-11.15	-1.00106	3.00319
4.18596	-11.1797	-1.68172	1.85273	4.43672	-11.0976	4.45	-11.05	0	1.8168
4.18596	-11.1797	-1.68172	1.85273	4.43803	-10.9525	4.45	-10.95	0	1.81679
4.15648	-10.8958	-1.4506	2.22361	4.40556	-10.7068	4.45	-10.8	0	3.00139
4.15648	-10.8958	-1.4506	2.22361	4.45507	-10.6618	4.45	-10.65	0	3.00138
4.19034	-10.6771	-0.929582	1.78442	4.44716	-10.5583	4.45	-10.55	0	2.00041
4.19034	-10.6771	-0.929582	1.78442	4.45187	-10.4417	4.45	-10.45	0	2.00038
4.23408	-10.423	-0.681814	2.02967	4.45602	-10.2142	4.5	-10.3	0.999584	2.99875
4.23408	-10.423	-0.681814	2.02967	4.55349	-10.1343	4.55	-10.15	0.999574	2.99871
4.30439	-10.1307	-0.457015	2.36066	4.56608	-10.005	4.55	-10	0	2.72717
4.30439	-10.1307	-0.457015	2.36066	4.55922	-9.84124	4.55	-9.85	0	2.72714
4.42267	-9.83734	0.0145422	2.17264	4.62339	-9.6559	4.65	-9.7	1.8193	2.72895
4.42267	-9.83734	0.0145422	2.17264	4.7439	-9.53522	4.75	-9.55	1.81929	2.72894
4.55361	-9.5122	0.211728	2.53819	4.74852	-9.27389	4.8	-9.4	1.00006	3.00019
4.55361	-9.5122	0.211728	2.53819	4.8446	-9.24095	4.85	-9.25	1.00005	3.00015
4.77724	-9.26995	0.946816	1.96277	4.98605	-9.20516	4.95	-9.15	2.00004	2.00005
4.77724	-9.26995	0.946816	1.96277	5.02283	-9.03066	5.05	-9.05	2.00004	2.00004
4.92655	-8.99972	0.868415	2.44414	5.12819	-8.95913	5.1	-8.9	0.999704	2.99911
4.92655	-8.99972	0.868415	2.44414	5.14109	-8.73073	5.15	-8.75	0.999689	2.99907
5.16343	-8.76325	1.45561	1.98405	5.33883	-8.81618	5.25	-8.65	1.81848	1.81849
5.16343	-8.76325	1.45561	1.98405	5.36408	-8.56805	5.35	-8.55	1.81846	1.81846
5.33784	-8.48349	1.34996	2.35718	5.38848	-8.31037	5.45	-8.4	2.00068	3.00103
5.33784	-8.48349	1.34996	2.35718	5.53874	-8.25196	5.55	-8.25	2.00066	3.00099
5.57401	-8.23167	1.83516	2.05228	5.56632	-8.04704	5.65	-8.15	1.99952	1.99953
5.57401	-8.23167	1.83516	2.05228	5.7459	-8.05196	5.75	-8.05	1.9995	1.9995
5.75822	-7.99123	1.72751	2.25999	5.78426	-7.91676	5.8	-7.95	0.999944	1.99989
5.75822	-7.99123	1.72751	2.25999	5.84978	-7.88144	5.85	-7.85	0.999939	1.99988
5.95543	-7.76279	1.88577	2.14764	5.92249	-7.69769	5.95	-7.75	1.99772	1.99772
5.95543	-7.76279	1.88577	2.14764	6.04031	-7.64732	6.05	-7.65	1.99771	1.9977
6.16829	-7.5459	1.99501	2.04833	6.16773	-7.55437	6.15	-7.55	1.8199	1.8199
6.16829	-7.5459	1.99501	2.04833	6.23866	-7.45306	6.25	-7.45	1.8199	1.81991
6.41511	-7.33843	2.37801	1.72957	6.25322	-7.17734	6.4	-7.35	2.99605	1.99736
6.41511	-7.33843	2.37801	1.72957	6.55461	-7.24907	6.55	-7.25	2.99605	1.99736
6.67461	-7.18048	2.5044	1.58115	6.67172	-7.23041	6.65	-7.2	1.8206	0.910303
6.67461	-7.18048	2.5044	1.58115	6.74664	-7.15616	6.75	-7.15	1.8206	0.910298
6.86546	-7.01066	2.09766	1.80006	6.79888	-6.99594	6.85	-7.05	1.99848	1.99848
6.86546	-7.01066	2.09766	1.80006	6.95342	-6.96092	6.95	-6.95	1.99846	1.99846
7.12227	-6.85337	2.37142	1.57168	7.17955	-6.9446	7.1	-6.85	2.72688	1.81792
7.12227	-6.85337	2.37142	1.57168	7.24929	-6.7261	7.25	-6.75	2.72688	1.81792
7.3458	-6.66858	2.01975	1.81175	7.42782	-6.72337	7.35	-6.65	1.81821	1.81821
7.3458	-6.66858	2.01975	1.81175	7.46332	-6.54842	7.45	-6.55	1.81821	1.81821
7.58247	-6.49193	2.21169	1.64152	7.54452	-6.5069	7.55	-6.5	1.81726	0.908632
7.58247	-6.49193	2.21169	1.64152	7.65373	-6.46481	7.65	-6.45	1.81726	0.908632
7.86356	-6.36203	2.6058	1.31326	7.8635	-6.45394	7.8	-6.4	2.72951	0.909839
7.86356	-6.36203	2.6058	1.31326	7.94162	-6.34466	7.95	-6.35	2.72948	0.909826
8.05146	-6.20978	2.10486	1.5444	7.89525	-6.11857	8.05	-6.25	2.00047	2.00048
8.05146	-6.20978	2.10486	1.5444	8.12355	-6.14389	8.15	-6.15	2.00048	2.00048
8.29402	-6.05	2.24884	1.4787	8.31423	-6.05705	8.3	-6.05	2.72702	1.81801
8.29402	-6.05	2.24884	1.4787	8.45315	-5.97158	8.45	-5.95	2.727	1.818
8.52616	-5.89616	2.21852	1.48884	8.53167	-5.90349	8.55	-5.9	2.00127	1.00064
8.52616	-5.89616	2.21852	1.48884	8.64207	-5.83392	8.65	-5.85	2.00128	1.00064
8.79123	-5.75914	2.4865	1.36874	8.88764	-5.82241	8.8	-5.75	2.99963	1.99976
8.79123	-5.75914	2.4865	1.36874	8.94256	-5.64534	8.95	-5.65	2.99961	1.99974
9.02738	-5.60104	2.16824	1.57509	9.21669	-5.64514	9.05	-5.55	1.99699	1.997
9.02738	-5.60104	2.16824	1.57509	9.15342	-5.45253	9.15	-5.45	1.997	1.99701
9.23379	-5.40075	1.97488	1.72188	9.16723	-5.29709	9.25	-5.35	1.8166	1.81659
9.23379	-5.40075	1.97488	1.72188	9.34852	-5.23619	9.35	-5.25	1.8166	1.81659
9.44202	-5.18403	1.88602	1.8124	9.39027	-5.1041	9.45	-5.15	1.8222	1.82219
9.44202	-5.18403	1.88602	1.8124	9.54207	-5.04728	9.55	-5.05	1.82219	1.82219
9.66861	-5.00849	2.18248	1.67651	9.62802	-5.02338	9.65	-5	1.99604	0.998028
9.66861	-5.00849	2.18248	1.67651	9.75	-4.94288	9.75	-4.95	1.99605	0.998028
9.85504	-4.83853	1.82657	1.77288	9.88102	-4.86216	9.85	-4.85	1.81895	1.81894
9.85504	-4.83853	1.82657	1.77288	9.94502	-4.76247	9.95	-4.75	1.81894	1.81894
10.0334	-4.63227	1.58109	1.87575	10.0747	-4.62454	10.05	-4.6	1.81966	2.72951
10.0334	-4.63227	1.58109	1.87575	10.1384	-4.4533	10.15	-4.45	1.81965	2.72948
10.2199	-4.3985	1.66967	1.91037	10.1743	-4.32841	10.25	-4.35	1.81908	1.81907
10.2199	-4.3985	1.66967	1.91037	10.3492	-4.25956	10.35	-4.25	1.81908	1.81907
10.4168	-4.1711	1.6666	1.98657	10.56	-4.15868	10.45	-4.1	2.00061	3.0009
10.4168	-4.1711	1.6666	1.98657	10.5557	-3.96034	10.55	-3.95	2.0006	3.0009
10.6432	-3.93165	1.9768	2.02015	10.7738	-3.89129	10.65	-3.85	1.99963	1.99964
10.6432	-3.93165	1.9768	2.02015	10.7394	-3.74821	10.75	-3.75	1.99962	1.99962
10.7557	-3.69487	1.16773	2.26107	10.7674	-3.58281	10.8	-3.6	0.999844	2.99952
10.7557	-3.69487	1.16773	2.26107	10.8596	-3.4348	10.85	-3.45	0.999834	2.99949
10.9485	-3.42469	1.7478	2.24956	10.9601	-3.36033	10.95	-3.35	2.00065	2.00064
10.9485	-3.42469	1.7478	2.24956	11.0504	-3.25128	11.05	-3.25	2.00064	2.00064
11.0535	-3.17505	1.11165	2.40415	11.0282	-3.07488	11.1	-3.1	0.998546	2.99563
11.0535	-3.17505	1.11165	2.40415	11.1569	-2.944	11.15	-2.95	0.998526	2.9956
11.0995	-2.88965	0.392547	2.58408	11.1386	-2.78926	11.15	-2.8	0	2.73104
11.0995	-2.88965	0.392547	2.58408	11.141	-2.65084	11.15	-2.65	0	2.73102
11.1259	-2.58868	0.238655	2.63886	11.1042	-2.54354	11.15	-2.55	0	1.81785
11.1259	-2.58868	0.238655	2.63886	11.1497	-2.45904	11.15	-2.45	0	1.81785
11.2561	-2.27496	1.21812	2.60704	11.1658	-2.25651	11.25	-2.25	1.99733	3.99465
11.2561	-2.27496	1.21812	2.60704	11.3591	-2.05184	11.35	-2.05	1.99733	3.99465
11.3157	-1.99226	0.592552	2.67465	11.3117	-1.92025	11.35	-1.95	0	1.81854
11.3157	-1.99226	0.592552	2.67465	11.3504	-1.8663	11.35	-1.85	0	1.81853
11.3596	-1.70332	0.349763	2.68107	11.4185	-1.70062	11.35	-1.7	0	2.72762
11.3596	-1.70332	0.349763	2.68107	11.3568	-1.53205	11.35	-1.55	0	2.72762
11.2993	-1.42422	-0.497164	2.6839	11.2541	-1.38373	11.3	-1.4	-0.908846	2.72653
11.2993	-1.42422	-0.497164	2.6839	11.2429	-1.24238	11.25	-1.25	-0.908846	2.72653
11.157	-1.13511	-1.21883	2.68905	11.0754	-1.08747	11.15	-1.1	-1.82014	2.73021
11.157	-1.13511	-1.21883	2.68905	11.0544	-0.927069	11.05	-0.949999	-1.82013	2.73021
11.0177	-0.832275	-1.24799	2.73031	10.9247	-0.791254	11	-0.799999	-1.00036	3.00107
11.0177	-0.832275	-1.24799	2.73031	10.9434	-0.640459	10.95	-0.65	-1.00035	3.00104
10.8223	-0.553332	-1.80599	2.73076	10.7146	-0.485949	10.85	-0.5	-2.00003	3.00006
10.8223	-0.553332	-1.80599	2.73076	10.7471	-0.362528	10.75	-0.35	-2.00002	3.00003
10.6417	-0.27904	-1.76268	2.70666	10.6895	-0.304531	10.65	-0.3	-1.81779	0.908892
10.6417	-0.27904	-1.76268	2.70666	10.547	-0.266677	10.55	-0.25	-1.81778	0.908893
10.3906	-0.0830055	-2.47882	2.48008	10.5032	-0.154501	10.4	-0.15	-3.00061	2.00041
10.3906	-0.0830055	-2.47882	2.48008	10.2485	-0.0475524	10.25	-0.0499992	-3.0006	2.00041
10.1764	0.0858927	-2.13445	2.3312	10.1407	-0.0721585	10.15	-0.0499992	-1.99645	0
10.1764	0.0858927	-2.13445	2.3312	10.0313	-0.0518611	10.05	-0.0499992	-1.99644	0
9.93702	0.192242	-2.45044	2.00656	10.0898	-0.00166396	9.9	9.49949e-07	-2.73175	0.910584
9.93702	0.192242	-2.45044	2.00656	9.74695	0.0464954	9.75	0.0500011	-2.73174	0.910584
9.6302	0.270283	-2.84089	1.68492	9.50401	0.0833188	9.6	0.100001	-2.99544	0.998471
9.6302	0.270283	-2.84089	1.68492	9.45825	0.149456	9.45	0.15	-2.99545	0.998471
9.38316	0.345576	-2.26164	1.4987	9.22819	0.16178	9.35	0.15	-1.81963	0
9.38316	0.345576	-2.26164	1.4987	9.24456	0.139817	9.25	0.15	-1.81962	0
9.09932	0.375875	-2.72931	1.17562	9.0729	0.205961	9.1	0.2	-3.00059	1.0002
9.09932	0.375875	-2.72931	1.17562	8.96281	0.250937	8.95	0.25	-3.0006	1.0002
8.82041	0.396226	-2.85306	0.943617	8.84168	0.257617	8.8	0.25	-2.99995	0
8.82041	0.396226	-2.85306	0.943617	8.65606	0.24536	8.65	0.25	-2.99994	0
8.52996	0.393012	-2.86111	0.714576	8.43549	0.247188	8.5	0.25	-2.99323	0
8.52996	0.393012	-2.86111	0.714576	8.34184	0.250769	8.35	0.25	-2.9932	0
8.25335	0.375513	-2.7004	0.505003	8.27073	0.243988	8.2	0.25	-2.73233	0
8.25335	0.375513	-2.7004	0.505003	8.03847	0.260731	8.05	0.25	-2.73234	0
7.96596	0.332935	-2.79954	0.26969	7.98053	0.204587	7.9	0.2	-3.00234	-1.00078
7.96596	0.332935	-2.79954	0.26969	7.73327	0.149199	7.75	0.15	-3.00231	-1.00077
7.65005	0.269607	-3.00161	0.0392054	7.46173	0.143776	7.6	0.15	-2.99599	0
7.65005	0.269607	-3.00161	0.0392054	7.45455	0.149294	7.45	0.15	-2.99596	0
7.41674	0.193528	-2.22776	-0.137326	7.37986	0.0951006	7.35	0.100001	-1.81801	-0.908998
7.41674	0.193528	-2.22776	-0.137326	7.26713	0.055036	7.25	0.0500011	-1.81801	-0.908998
7.15555	0.0803951	-2.56688	-0.390707	7.32548	-0.0461763	7.1	-0.0499995	-2.72495	-1.81664
7.15555	0.0803951	-2.56688	-0.390707	6.93127	-0.133333	6.95	-0.15	-2.72492	-1.81662
7.00591	-0.110574	-1.45545	-0.776552	7.09668	-0.264116	6.9	-0.25	-0.910634	-1.82126
7.00591	-0.110574	-1.45545	-0.776552	6.84796	-0.34284	6.85	-0.35	-0.910622	-1.82124
6.73367	-0.28773	-2.49223	-0.988217	6.64638	-0.45061	6.7	-0.45	-2.99641	-1.99759
6.73367	-0.28773	-2.49223	-0.988217	6.54772	-0.536719	6.55	-0.549999	-2.99637	-1.99757
6.57159	-0.571248	-1.48708	-1.53756	6.50462	-0.718	6.5	-0.7	-0.909955	-2.72986
6.57159	-0.571248	-1.48708	-1.53756	6.45451	-0.851695	6.45	-0.85	-0.909955	-2.72986
6.45999	-0.87501	-0.994627	-1.986	6.42547	-0.999512	6.4	-1	-0.999224	-2.99766
6.45999	-0.87501	-0.994627	-1.986	6.3554	-1.1624	6.35	-1.15	-0.99921	-2.99763
6.33062	-1.18701	-0.990264	-2.28379	6.14523	-1.27904	6.3	-1.3	-0.908722	-2.72618
6.33062	-1.18701	-0.990264	-2.28379	6.2299	-1.45381	6.25	-1.45	-0.908718	-2.72616
6.3356	-1.57101	0.144016	-2.90177	6.37158	-1.60661	6.3	-1.6	0.910485	-2.73144
6.3356	-1.57101	0.144016	-2.90177	6.34473	-1.75136	6.35	-1.75	0.910481	-2.73144
6.3444	-1.87928	0.0953074	-2.89975	6.34	-1.88987	6.35	-1.9	0	-2.99515
6.3444	-1.87928	0.0953074	-2.89975	6.35828	-2.03886	6.35	-2.05	0	-2.99515
6.35851	-2.191	0.0544982	-2.90052	6.45002	-2.23466	6.35	-2.2	0	-2.72856
6.35851	-2.191	0.0544982	-2.90052	6.34057	-2.34076	6.35	-2.35	0	-2.72854
6.4192	-2.5492	0.522682	-3.16373	6.4979	-2.56206	6.4	-2.5	0.908227	-2.7247
6.4192	-2.5492	0.522682	-3.16373	6.45265	-2.65056	6.45	-2.65	0.908223	-2.72467
6.44156	-2.82707	0.0690338	-2.78092	6.46538	-2.81029	6.45	-2.8	0	-2.72732
6.44156	-2.82707	0.0690338	-2.78092	6.45762	-2.94003	6.45	-2.95	0	-2.7273
6.49269	-3.17257	0.630922	-3.13496	6.36717	-3.08903	6.5	-3.15	0.909078	-3.6363
6.49269	-3.17257	0.630922	-3.13496	6.54349	-3.33906	6.55	-3.35	0.90907	-3.63626
6.57536	-3.51336	0.663341	-3.12604	6.6454	-3.53435	6.6	-3.5	0.910038	-2.7301
6.57536	-3.51336	0.663341	-3.12604	6.65608	-3.67065	6.65	-3.65	0.910033	-2.7301
6.65977	-3.83205	0.649935	-3.03293	6.70981	-3.81998	6.7	-3.8	0.908095	-2.7243
6.65977	-3.83205	0.649935	-3.03293	6.74422	-3.95901	6.75	-3.95	0.908091	-2.72428
6.73561	-4.12005	0.588338	-2.86284	6.72525	-4.05329	6.8	-4.1	0.910949	-2.73284
6.73561	-4.12005	0.588338	-2.86284	6.83817	-4.25449	6.85	-4.25	0.910945	-2.73284
6.80717	-4.3664	0.479183	-2.62853	6.86491	-4.32753	6.9	-4.35	0.999834	-1.99968
6.80717	-4.3664	0.479183	-2.62853	6.94879	-4.45387	6.95	-4.45	0.999829	-1.99966
6.9385	-4.64719	1.11109	-2.99346	6.99339	-4.57763	7.05	-4.6	1.99653	-2.99479
6.9385	-4.64719	1.11109	-2.99346	7.14339	-4.76622	7.15	-4.75	1.99653	-2.99479
7.06001	-4.87097	0.942505	-2.65488	7.11889	-4.79341	7.2	-4.85	1.00098	-2.00196
7.06001	-4.87097	0.942505	-2.65488	7.25883	-4.94719	7.25	-4.95	1.00097	-2.00194
7.18836	-5.11525	0.985303	-2.55066	7.28536	-5.09276	7.3	-5.1	0.90969	-2.72906
7.18836	-5.11525	0.985303	-2.55066	7.33925	-5.24908	7.35	-5.25	0.909677	-2.72904
7.36062	-5.40615	1.58322	-2.94928	7.33914	-5.30864	7.45	-5.4	1.99976	-2.99964
7.36062	-5.40615	1.58322	-2.94928	7.5499	-5.55354	7.55	-5.55	1.99976	-2.99964
7.49926	-5.63519	1.17856	-2.50214	7.59167	-5.64447	7.6	-5.65	1.00038	-2.00076
7.49926	-5.63519	1.17856	-2.50214	7.64483	-5.73357	7.65	-5.75	1.00037	-2.00074
7.65989	-5.89845	1.47242	-2.67307	7.6402	-5.81769	7.75	-5.9	1.81659	-2.7249
7.65989	-5.89845	1.47242	-2.67307	7.84396	-6.051	7.85	-6.05	1.81659	-2.7249
7.80222	-6.12605	1.04544	-2.20212	7.91394	-6.15143	7.9	-6.15	0.909251	-1.81851
7.80222	-6.12605	1.04544	-2.20212	7.95018	-6.25957	7.95	-6.25	0.909247	-1.81849
7.97416	-6.36878	1.33547	-2.34148	8.10134	-6.38026	8.05	-6.35	1.81576	-1.81577
7.97416	-6.36878	1.33547	-2.34148	8.15891	-6.45832	8.15	-6.45	1.81577	-1.81577
8.18448	-6.628	1.64342	-2.48998	8.3424	-6.65648	8.25	-6.6	1.8218	-2.73269
8.18448	-6.628	1.64342	-2.48998	8.33273	-6.74641	8.35	-6.75	1.8218	-2.73269
8.35902	-6.88456	1.45175	-2.30113	8.46635	-6.96022	8.4	-6.9	0.907987	-2.72401
8.35902	-6.88456	1.45175	-2.30113	8.44383	-7.03914	8.45	-7.05	0.907988	-2.72398
8.50839	-7.15783	1.40397	-2.32406	8.53661	-7.23635	8.5	-7.2	0.910054	-2.73014
8.50839	-7.15783	1.40397	-2.32406	8.55761	-7.36836	8.55	-7.35	0.910046	-2.73012
8.66229	-7.42473	1.46951	-2.42063	8.70486	-7.48959	8.65	-7.45	1.99827	-1.99828
8.66229	-7.42473	1.46951	-2.42063	8.7565	-7.55536	8.75	-7.55	1.99828	-1.99828
8.7988	-7.67962	1.3942	-2.38716	8.74707	-7.66927	8.8	-7.7	0.909061	-2.72717
8.7988	-7.67962	1.3942	-2.38716	8.85031	-7.85391	8.85	-7.85	0.909053	-2.72715
8.92961	-7.95017	1.2988	-2.35892	8.88546	-7.96913	8.9	-8	0.908945	-2.72688
8.92961	-7.95017	1.2988	-2.35892	8.95085	-8.16397	8.95	-8.15	0.908953	-2.72687
9.05975	-8.21878	1.25792	-2.36412	9.03618	-8.239	9.05	-8.25	1.82026	-1.82027
9.05975	-8.21878	1.25792	-2.36412	9.15149	-8.34807	9.15	-8.35	1.82025	-1.82026
9.20221	-8.48879	1.44963	-2.57219	9.14011	-8.44049	9.2	-8.5	0.999884	-2.99963
9.20221	-8.48879	1.44963	-2.57219	9.22902	-8.65053	9.25	-8.65	0.999874	-2.9996
9.32377	-8.74891	1.37743	-2.55283	9.23666	-8.722	9.3	-8.8	0.999284	-2.99783
9.32377	-8.74891	1.37743	-2.55283	9.36398	-8.95164	9.35	-8.95	0.999284	-2.99784
9.42485	-9.00107	0.975766	-2.20879	9.47823	-9.13791	9.4	-9.05	0.909209	-1.81844
9.42485	-9.00107	0.975766	-2.20879	9.43696	-9.1575	9.45	-9.15	0.90921	-1.81843
9.52087	-9.2725	1.0486	-2.36101	9.44585	-9.27158	9.5	-9.3	0.908483	-2.72543
9.52087	-9.2725	1.0486	-2.36101	9.53884	-9.45193	9.55	-9.45	0.908475	-2.72542
9.63608	-9.56639	1.09157	-2.47349	9.6872	-9.68187	9.6	-9.6	0.909756	-2.72927
9.63608	-9.56639	1.09157	-2.47349	9.67284	-9.75791	9.65	-9.75	0.909739	-2.72923
9.75952	-9.88075	1.19727	-2.67448	9.86489	-10.0711	9.7	-9.9	0.998626	-2.99586
9.75952	-9.88075	1.19727	-2.67448	9.74713	-10.0467	9.75	-10.05	0.998616	-2.99584
9.82378	-10.1372	0.778628	-2.30257	9.75497	-10.1932	9.75	-10.2	0	-2.72857
9.82378	-10.1372	0.778628	-2.30257	9.74697	-10.3629	9.75	-10.35	0	-2.72854
9.88681	-10.4344	0.860692	-2.52362	9.77249	-10.4428	9.8	-10.5	0.909773	-2.7293
9.88681	-10.4344	0.860692	-2.52362	9.86261	-10.6462	9.85	-10.65	0.909773	-2.7293
9.92596	-10.716	0.558597	-2.30816	9.86786	-10.8223	9.85	-10.8	0	-2.72846
9.92596	-10.716	0.558597	-2.30816	9.8455	-10.9408	9.85	-10.95	0	-2.72844
9.94302	-11.0111	0.475081	-2.38448	9.84594	-11.0973	9.85	-11.1	0	-2.72748
9.94302	-11.0111	0.475081	-2.38448	9.83549	-11.2481	9.85	-11.25	0	-2.72745
9.9557	-11.3222	0.459471	-2.56112	9.8926	-11.4631	9.85	-11.4	0	-2.9967
9.9557	-11.3222	0.459471	-2.56112	9.87136	-11.5692	9.85	-11.55	0	-2.99671
9.94363	-11.5993	0.125672	-2.29985	9.89882	-11.7746	9.8	-11.7	-0.909227	-2.72768
9.94363	-11.5993	0.125672	-2.29985	9.74749	-11.8623	9.75	-11.85	-0.909218	-2.72765
9.88535	-11.8821	-0.134869	-2.18987	9.75738	-12.0161	9.7	-12	-0.908714	-2.72613
9.88535	-11.8821	-0.134869	-2.18987	9.65408	-12.1513	9.65	-12.15	-0.908706	-2.7261
9.7802	-12.133	-0.513421	-1.92385	9.60373	-12.2428	9.6	-12.25	-0.909639	-1.81931
9.7802	-12.133	-0.513421	-1.92385	9.54006	-12.3354	9.55	-12.35	-0.90964	-1.8193
9.62229	-12.3263	-0.976364	-1.50523	9.38815	-12.3607	9.45	-12.45	-1.81824	-1.81825
9.62229	-12.3263	-0.976364	-1.50523	9.35049	-12.5377	9.35	-12.55	-1.81823	-1.81823
9.4218	-12.5326	-1.36103	-1.26646	9.33568	-12.8372	9.2	-12.65	-2.72578	-1.81718
9.4218	-12.5326	-1.36103	-1.26646	9.04708	-12.7528	9.05	-12.75	-2.72576	-1.81717
9.1876	-12.7347	-1.48983	-1.41173	8.97697	-12.8161	8.95	-12.85	-1.8192	-1.81921
9.1876	-12.7347	-1.48983	-1.41173	8.84904	-12.9423	8.85	-12.95	-1.81921	-1.81921
8.92154	-12.9236	-1.74155	-1.36098	8.64934	-12.9537	8.7	-13.05	-2.72781	-1.81854
8.92154	-12.9236	-1.74155	-1.36098	8.5479	-13.1496	8.55	-13.15	-2.7278	-1.81853
8.61485	-13.0193	-2.42181	-0.461521	8.43462	-13.263	8.4	-13.15	-2.72644	0
8.61485	-13.0193	-2.42181	-0.461521	8.26001	-13.1483	8.25	-13.15	-2.72641	0
8.28019	-13.0694	-2.71141	-0.203295	8.10139	-13.1447	8.1	-13.15	-3.00083	0
8.28019	-13.0694	-2.71141	-0.203295	7.95138	-13.1593	7.95	-13.15	-3.00084	0
7.94449	-13.1694	-2.68424	-0.566782	7.85182	-13.2702	7.8	-13.2	-2.72553	-0.908516
7.94449	-13.1694	-2.68424	-0.566782	7.64076	-13.2654	7.65	-13.25	-2.72554	-0.908516
7.6008	-13.1668	-3.07014	0.153083	7.51359	-13.2891	7.5	-13.2	-2.72544	0.908483
7.6008	-13.1668	-3.07014	0.153083	7.35762	-13.1417	7.35	-13.15	-2.72544	0.908483
7.2414	-13.1834	-3.04887	-0.0340677	7.19553	-13.2012	7.2	-13.15	-2.73035	0
7.2414	-13.1834	-3.04887	-0.0340677	7.05296	-13.1563	7.05	-13.15	-2.73035	0
6.89418	-13.1706	-3.14296	0.158779	6.87644	-13.2105	6.85	-13.15	-3.63616	0
6.89418	-13.1706	-3.14296	0.158779	6.672	-13.1364	6.65	-13.15	-3.63617	0
6.54988	-13.1968	-3.00234	-0.248532	6.53838	-13.1322	6.55	-13.15	-1.81656	0
6.54988	-13.1968	-3.00234	-0.248532	6.46904	-13.1587	6.45	-13.15	-1.81657	0
6.24059	-13.1362	-3.11274	0.295316	6.22921	-13.0167	6.3	-13.1	-2.73109	0.910352
6.24059	-13.1362	-3.11274	0.295316	6.15723	-13.0319	6.15	-13.05	-2.73109	0.91036
5.93081	-12.9756	-3.29306	1.17168	5.95573	-12.8757	6	-12.95	-2.72331	1.81553
5.93081	-12.9756	-3.29306	1.17168	5.85711	-12.8423	5.85	-12.85	-2.72331	1.81554
5.62075	-12.8652	-3.12262	0.93251	5.73901	-12.8863	5.7	-12.8	-2.72842	0.909475
5.62075	-12.8652	-3.12262	0.93251	5.5559	-12.7556	5.55	-12.75	-2.72839	0.909466
5.32537	-12.6985	-3.14395	1.37006	5.41889	-12.699	5.4	-12.65	-2.731	1.82067
5.32537	-12.6985	-3.14395	1.37006	5.23681	-12.5467	5.25	-12.55	-2.731	1.82066
5.04486	-12.523	-3.02829	1.43412	5.16911	-12.5003	5.15	-12.45	-1.81821	1.8182
5.04486	-12.523	-3.02829	1.43412	5.04959	-12.3548	5.05	-12.35	-1.8182	1.8182
4.81635	-12.3409	-2.87847	1.54917	4.99996	-12.3538	4.95	-12.25	-1.99957	1.99957
4.81635	-12.3409	-2.87847	1.54917	4.86969	-12.1416	4.85	-12.15	-1.99954	1.99955
4.64213	-12.1668	-2.60234	1.39805	4.83937	-12.0439	4.8	-12.05	-0.999954	1.99993
4.64213	-12.1668	-2.60234	1.39805	4.77326	-11.9345	4.75	-11.95	-0.999959	1.99992
4.46416	-11.8952	-2.60884	2.1949	4.5839	-11.6711	4.65	-11.8	-2.0002	3.00031
4.46416	-11.8952	-2.60884	2.1949	4.54148	-11.6336	4.55	-11.65	-2.0002	3.0003
4.332	-11.693	-2.21105	1.69612	4.53697	-11.5591	4.55	-11.55	0	1.99749
4.332	-11.693	-2.21105	1.69612	4.55238	-11.4548	4.55	-11.45	0	1.99746
4.22934	-11.3623	-2.17328	2.68344	4.47604	-11.2089	4.5	-11.25	-0.90916	3.63662
4.22934	-11.3623	-2.17328	2.68344	4.45629	-11.0538	4.45	-11.05	-0.909152	3.63659
4.17894	-11.1137	-1.51169	1.74259	4.39651	-10.8822	4.45	-10.95	0	1.81807
4.17894	-11.1137	-1.51169	1.74259	4.45899	-10.8664	4.45	-10.85	0	1.81808
4.18168	-10.8493	-1.22831	2.04566	4.493	-10.7885	4.45	-10.7	0	2.72865
4.18168	-10.8493	-1.22831	2.04566	4.44058	-10.5544	4.45	-10.55	0	2.72864
4.20563	-10.5612	-0.902754	2.17301	4.44399	-10.3941	4.45	-10.4	0	2.72392
4.20563	-10.5612	-0.902754	2.17301	4.44086	-10.2469	4.45	-10.25	0	2.72391
4.2738	-10.2758	-0.530704	2.19942	4.53204	-10.1814	4.5	-10.1	0.909624	2.72885
4.2738	-10.2758	-0.530704	2.19942	4.54793	-9.94716	4.55	-9.95	0.909615	2.72884
4.38408	-9.96928	-0.121467	2.20943	4.57622	-9.70975	4.6	-9.8	0.909111	2.72733
4.38408	-9.96928	-0.121467	2.20943	4.64364	-9.63888	4.65	-9.65	0.909107	2.72732
4.53968	-9.67852	0.297597	2.17968	4.76627	-9.54952	4.75	-9.5	1.81921	2.7288
4.53968	-9.67852	0.297597	2.17968	4.82761	-9.37054	4.85	-9.35	1.81921	2.7288
4.70799	-9.36148	0.561275	2.39452	4.89701	-9.18082	4.9	-9.2	0.908739	2.72622
4.70799	-9.36148	0.561275	2.39452	4.94177	-9.04086	4.95	-9.05	0.908743	2.72623
4.92941	-9.10109	1.13575	1.99286	5.09012	-9.06486	5.05	-8.95	1.8169	1.81688
4.92941	-9.10109	1.13575	1.99286	5.1385	-8.8446	5.15	-8.85	1.81688	1.81688
5.1321	-8.81936	1.28679	2.15907	5.21345	-8.63875	5.25	-8.7	1.8201	2.73014
5.1321	-8.81936	1.28679	2.15907	5.33853	-8.54729	5.35	-8.55	1.82008	2.73013
5.33554	-8.54583	1.48238	2.15491	5.35874	-8.39385	5.4	-8.45	0.910244	1.82049
5.33554	-8.54583	1.48238	2.15491	5.46213	-8.36055	5.45	-8.35	0.910249	1.8205
5.50847	-8.28747	1.37481	2.41703	5.63723	-8.3352	5.55	-8.2	1.99657	2.99484
5.50847	-8.28747	1.37481	2.41703	5.63863	-8.05978	5.65	-8.05	1.99657	2.99485
5.73955	-8.02103	1.84001	2.10843	5.69655	-7.84304	5.75	-7.95	1.81871	1.81872
5.73955	-8.02103	1.84001	2.10843	5.84353	-7.85177	5.85	-7.85	1.81871	1.81871
5.9904	-7.78803	2.13572	1.89864	5.9537	-7.7033	6	-7.75	2.72961	1.81974
5.9904	-7.78803	2.13572	1.89864	6.14453	-7.66253	6.15	-7.65	2.72961	1.81974
6.22371	-7.56998	2.09683	2.00319	6.27	-7.55894	6.25	-7.55	1.9992	1.9992
6.22371	-7.56998	2.09683	2.00319	6.3386	-7.44193	6.35	-7.45	1.99918	1.99918
6.44996	-7.35334	2.12164	2.00601	6.44365	-7.32743	6.45	-7.35	1.81911	1.81911
6.44996	-7.35334	2.12164	2.00601	6.54947	-7.257	6.55	-7.25	1.81909	1.81909
6.67969	-7.16037	2.17897	1.93054	6.71635	-7.22979	6.65	-7.15	1.99996	1.99996
6.67969	-7.16037	2.17897	1.93054	6.7522	-7.03215	6.75	-7.05	1.99996	1.99996
6.90977	-6.99055	2.40436	1.70475	6.81357	-6.96259	6.85	-7	1.99752	0.998765
6.90977	-6.99055	2.40436	1.70475	6.95051	-6.93564	6.95	-6.95	1.99752	0.998765
7.1377	-6.82304	2.39522	1.63664	7.00414	-6.76319	7.1	-6.85	2.73035	1.82023
7.1377	-6.82304	2.39522	1.63664	7.25571	-6.75585	7.25	-6.75	2.73035	1.82023
7.35245	-6.64138	2.18188	1.75795	7.28718	-6.59248	7.35	-6.65	2.0006	2.0006
7.35245	-6.64138	2.18188	1.75795	7.42947	-6.54884	7.45	-6.55	2.00058	2.00058
7.58987	-6.49075	2.38266	1.58674	7.58756	-6.53752	7.55	-6.5	1.99841	0.999204
7.58987	-6.49075	2.38266	1.58674	7.65263	-6.44325	7.65	-6.45	1.99838	0.999195
7.87105	-6.36753	2.8492	1.24838	7.78988	-6.37954	7.8	-6.4	2.99952	0.999844
7.87105	-6.36753	2.8492	1.24838	7.95705	-6.33998	7.95	-6.35	2.99949	0.999829
8.06786	-6.23715	2.06143	1.61756	8.1289	-6.31809	8.05	-6.25	1.81603	1.81603
8.06786	-6.23715	2.06143	1.61756	8.15184	-6.14215	8.15	-6.15	1.81603	1.81603
8.2603	-6.04382	1.8869	1.70977	8.12981	-5.95044	8.25	-6.05	1.81921	1.81921
8.2603	-6.04382	1.8869	1.70977	8.34844	-5.95288	8.35	-5.95	1.81921	1.81921
8.54187	-5.88523	2.58078	1.32202	8.45627	-5.87026	8.5	-5.9	2.729	0.909673
8.54187	-5.88523	2.58078	1.32202	8.64546	-5.83668	8.65	-5.85	2.72898	0.909661
8.8017	-5.73901	2.50768	1.33146	8.68227	-5.68169	8.8	-5.75	2.72771	1.81848
8.8017	-5.73901	2.50768	1.33146	8.95179	-5.66017	8.95	-5.65	2.72772	1.81848
9.01446	-5.57299	2.08179	1.55555	8.99196	-5.51961	9.05	-5.55	1.99939	1.9994
9.01446	-5.57299	2.08179	1.55555	9.15234	-5.45358	9.15	-5.45	1.9994	1.9994
9.23933	-5.40972	2.11505	1.54586	9.25593	-5.41629	9.25	-5.4	1.81776	0.90888
9.23933	-5.40972	2.11505	1.54586	9.3462	-5.33648	9.35	-5.35	1.81776	0.908875
9.39224	-5.21429	1.45946	1.82974	9.35852	-5.15981	9.45	-5.2	1.81545	2.72317
9.39224	-5.21429	1.45946	1.82974	9.55586	-5.07162	9.55	-5.05	1.81542	2.72314
9.59804	-4.98047	1.73559	1.81819	9.60543	-4.91132	9.65	-4.95	1.82145	1.82147
9.59804	-4.98047	1.73559	1.81819	9.75218	-4.8384	9.75	-4.85	1.82146	1.82146
9.82533	-4.78009	1.85499	1.80755	10.0131	-4.84834	9.85	-4.75	1.81961	1.8196
9.82533	-4.78009	1.85499	1.80755	9.9571	-4.66087	9.95	-4.65	1.8196	1.8196
10.0265	-4.57003	1.88845	1.84238	9.99977	-4.51909	10.05	-4.55	1.99827	1.99828
10.0265	-4.57003	1.88845	1.84238	10.1558	-4.43582	10.15	-4.45	1.99826	1.99826
10.1954	-4.34235	1.60946	1.99009	10.1567	-4.25503	10.25	-4.3	1.81693	2.72538
10.1954	-4.34235	1.60946	1.99009	10.3312	-4.16698	10.35	-4.15	1.81692	2.72536
10.4064	-4.09903	1.87753	1.97659	10.3715	-4.04505	10.45	-4.05	1.81951	1.8195
10.4064	-4.09903	1.87753	1.97659	10.5551	-3.94162	10.55	-3.95	1.8195	1.81951
10.6188	-3.86849	1.87822	2.0085	10.6459	-3.84961	10.65	-3.85	1.81817	1.81818
10.6188	-3.86849	1.87822	2.0085	10.746	-3.7455	10.75	-3.75	1.81816	1.81817
10.8279	-3.63737	1.77819	2.06012	10.9384	-3.6422	10.85	-3.6	1.81621	2.7243
10.8279	-3.63737	1.77819	2.06012	10.9457	-3.45027	10.95	-3.45	1.8162	2.7243
10.9705	-3.37923	1.13887	2.25637	11.1095	-3.32648	11	-3.3	0.908632	2.72588
10.9705	-3.37923	1.13887	2.25637	11.0435	-3.16012	11.05	-3.15	0.908632	2.72588
11.0792	-3.07802	1.00013	2.38748	10.9851	-2.95299	11.1	-3	0.909905	2.72971
11.0792	-3.07802	1.00013	2.38748	11.1542	-2.85724	11.15	-2.85	0.909888	2.72968
11.1085	-2.78504	0.32839	2.54135	11.0233	-2.67356	11.15	-2.7	0	2.72847
11.1085	-2.78504	0.32839	2.54135	11.1324	-2.55807	11.15	-2.55	0	2.72844
11.141	-2.4735	0.147382	2.63732	11.2541	-2.42353	11.15	-2.4	0	2.72732
11.141	-2.4735	0.147382	2.63732	11.1569	-2.2658	11.15	-2.25	0	2.72732
11.2779	-2.1267	1.21271	2.65048	11.2203	-2.08998	11.25	-2.1	1.81905	2.72856
11.2779	-2.1267	1.21271	2.65048	11.3482	-1.94557	11.35	-1.95	1.81905	2.72856
11.2691	-1.86481	-0.153403	2.68412	11.3928	-1.80815	11.3	-1.8	-0.90916	2.72747
11.2691	-1.86481	-0.153403	2.68412	11.2389	-1.64141	11.25	-1.65	-0.909152	2.72745
11.27	-1.54634	-0.0731637	2.72995	11.3341	-1.51762	11.25	-1.5	0	2.72321
11.27	-1.54634	-0.0731637	2.72995	11.2625	-1.34833	11.25	-1.35	0	2.72321
11.2066	-1.24148	-0.682848	2.76134	11.3121	-1.19064	11.2	-1.2	-0.909524	2.72856
11.2066	-1.24148	-0.682848	2.76134	11.1556	-1.0549	11.15	-1.05	-0.909524	2.72856
11.0358	-0.948325	-1.51761	2.74845	10.9982	-0.893223	11.05	-0.9	-1.81945	2.72916
11.0358	-0.948325	-1.51761	2.74845	10.9445	-0.73319	10.95	-0.75	-1.81942	2.72913
10.8933	-0.61532	-1.25299	2.81381	10.8362	-0.586	10.9	-0.599999	-0.909839	2.72952
10.8933	-0.61532	-1.25299	2.81381	10.8388	-0.441032	10.85	-0.449999	-0.909822	2.72949
10.634	-0.381318	-2.4122	2.64264	10.6309	-0.359954	10.7	-0.349999	-2.99538	1.99692
10.634	-0.381318	-2.4122	2.64264	10.5529	-0.247121	10.55	-0.25	-2.99539	1.99691
10.4329	-0.122703	-1.92077	2.62451	10.4322	-0.19515	10.45	-0.2	-1.81715	0.908579
10.4329	-0.122703	-1.92077	2.62451	10.3505	-0.143257	10.35	-0.15	-1.81716	0.908579
10.1775	0.0414276	-2.36654	2.32782	10.2068	-0.109014	10.2	-0.0999996	-2.73194	0.910655
10.1775	0.0414276	-2.36654	2.32782	10.0541	-0.0441275	10.05	-0.0499992	-2.73194	0.910655
9.90152	0.177117	-2.52478	2.055	9.89001	0.00816785	9.9	9.49949e-07	-2.72481	0.908268
9.90152	0.177117	-2.52478	2.055	9.75876	0.0560308	9.75	0.0500011	-2.72477	0.90826
9.67091	0.287626	-2.0921	1.83146	9.63528	0.0929341	9.65	0.100001	-1.81759	0.908784
9.67091	0.287626	-2.0921	1.83146	9.56967	0.149506	9.55	0.15	-1.81757	0.908775
9.42379	0.340552	-2.44179	1.47205	9.56225	0.148577	9.4	0.15	-2.72659	0
9.42379	0.340552	-2.44179	1.47205	9.25348	0.150166	9.25	0.15	-2.72658	0
9.1408	0.378892	-2.57747	1.18162	9.0821	0.207802	9.1	0.2	-2.72925	0.909752
9.1408	0.378892	-2.57747	1.18162	8.93575	0.243169	8.95	0.25	-2.72926	0.909752
8.85586	0.402006	-2.73253	0.925811	8.94634	0.26481	8.8	0.25	-2.72783	0
8.85586	0.402006	-2.73253	0.925811	8.64483	0.254352	8.65	0.25	-2.7278	0
8.55144	0.396605	-2.74229	0.674497	8.46866	0.251128	8.5	0.25	-2.72395	0
8.55144	0.396605	-2.74229	0.674497	8.35775	0.250149	8.35	0.25	-2.72395	0
8.25818	0.350903	-2.74947	0.390416	8.28111	0.196974	8.2	0.2	-2.73278	-0.910929
8.25818	0.350903	-2.74947	0.390416	8.03004	0.154113	8.05	0.15	-2.73279	-0.910929
7.87103	0.288799	-3.58882	0.103027	7.74678	0.154598	7.85	0.15	-3.9992	0
7.87103	0.288799	-3.58882	0.103027	7.63715	0.143302	7.65	0.15	-3.99916	0
7.62584	0.233306	-2.55239	-0.023113	7.61982	0.157052	7.55	0.15	-1.99868	0
7.62584	0.233306	-2.55239	-0.023113	7.43926	0.160393	7.45	0.15	-1.99866	0
7.344	0.174927	-2.70149	-0.166618	7.34481	0.102019	7.3	0.100001	-2.72622	-0.908734
7.344	0.174927	-2.70149	-0.166618	7.16771	0.0463372	7.15	0.0500011	-2.72623	-0.908734
7.09971	0.0604893	-2.1926	-0.404556	7.05721	-0.05037	7.05	-0.0499995	-1.81887	-1.81889
7.09971	0.0604893	-2.1926	-0.404556	6.95035	-0.144849	6.95	-0.15	-1.81888	-1.81889
6.88996	-0.106115	-1.90705	-0.723836	6.87212	-0.243254	6.85	-0.25	-1.81792	-1.81792
6.88996	-0.106115	-1.90705	-0.723836	6.76317	-0.34818	6.75	-0.35	-1.81792	-1.81792
6.69245	-0.308565	-1.86389	-1.04903	6.75759	-0.453523	6.65	-0.45	-1.81881	-1.8188
6.69245	-0.308565	-1.86389	-1.04903	6.56412	-0.553924	6.55	-0.549999	-1.81879	-1.81878
6.52191	-0.585881	-1.60995	-1.5006	6.60439	-0.765755	6.45	-0.749999	-1.81971	-3.63941
6.52191	-0.585881	-1.60995	-1.5006	6.36344	-0.942514	6.35	-0.949999	-1.81969	-3.63937
6.45649	-0.957486	-0.485855	-2.22668	6.35624	-1.10001	6.35	-1.1	0	-2.99522
6.45649	-0.957486	-0.485855	-2.22668	6.36321	-1.25111	6.35	-1.25	0	-2.99519
6.40883	-1.30644	-0.288113	-2.59121	6.30992	-1.40686	6.35	-1.4	0	-2.72817
6.40883	-1.30644	-0.288113	-2.59121	6.35537	-1.55723	6.35	-1.55	0	-2.72817
6.40119	-1.65884	-0.110085	-2.81807	6.50996	-1.74616	6.35	-1.7	0	-2.72628
6.40119	-1.65884	-0.110085	-2.81807	6.35448	-1.83673	6.35	-1.85	0	-2.72628
6.37957	-1.98698	-0.181541	-2.85181	6.38849	-2.02257	6.35	-2	0	-2.73154
6.37957	-1.98698	-0.181541	-2.85181	6.35078	-2.13767	6.35	-2.15	0	-2.73152
6.35576	-2.29392	-0.147583	-2.89107	6.28921	-2.27735	6.35	-2.3	0	-2.99503
6.35576	-2.29392	-0.147583	-2.89107	6.33355	-2.43768	6.35	-2.45	0	-2.99503
6.38737	-2.63209	0.397159	-3.19137	6.30986	-2.56694	6.4	-2.6	0.909996	-2.73
6.38737	-2.63209	0.397159	-3.19137	6.45623	-2.7536	6.45	-2.75	0.91	-2.73
6.45401	-2.95849	0.592083	-3.19501	6.40481	-2.87127	6.5	-2.9	0.907593	-2.72277
6.45401	-2.95849	0.592083	-3.19501	6.54629	-3.01951	6.55	-3.05	0.907584	-2.72274
6.52868	-3.27384	0.42059	-2.9879	6.70928	-3.32749	6.55	-3.25	0	-3.63617
6.52868	-3.27384	0.42059	-2.9879	6.54763	-3.45513	6.55	-3.45	0	-3.63613
6.59056	-3.61218	0.636847	-3.12117	6.52015	-3.55608	6.6	-3.6	0.909673	-2.72901
6.59056	-3.61218	0.636847	-3.12117	6.64571	-3.73674	6.65	-3.75	0.909661	-2.72898
6.69097	-3.91579	0.766017	-3.05167	6.71319	-3.83967	6.75	-3.85	1.81795	-1.81795
6.69097	-3.91579	0.766017	-3.05167	6.85201	-3.93663	6.85	-3.95	1.81793	-1.81793
6.85694	-4.23492	1.09719	-3.10687	7.13409	-4.28567	6.9	-4.15	0.909979	-3.63994
6.85694	-4.23492	1.09719	-3.10687	6.9548	-4.32855	6.95	-4.35	0.909975	-3.6399
6.96382	-4.49592	0.751713	-2.67582	7.00947	-4.44692	7	-4.45	0.907889	-1.81577
6.96382	-4.49592	0.751713	-2.67582	7.05586	-4.55105	7.05	-4.55	0.907881	-1.81576
7.09239	-4.78129	1.01153	-2.76442	7.15974	-4.75194	7.1	-4.7	0.909789	-2.72935
7.09239	-4.78129	1.01153	-2.76442	7.13261	-4.82718	7.15	-4.85	0.909777	-2.72933
7.26383	-5.09145	1.4612	-3.01303	7.2829	-5.01975	7.25	-5	1.81861	-2.72792
7.26383	-5.09145	1.4612	-3.01303	7.34301	-5.14642	7.35	-5.15	1.81859	-2.72789
7.39697	-5.35686	1.25016	-2.75779	7.32687	-5.26205	7.4	-5.3	0.999994	-3
7.39697	-5.35686	1.25016	-2.75779	7.46174	-5.44979	7.45	-5.45	0.999999	-3
7.53025	-5.60113	1.20582	-2.60714	7.47116	-5.48352	7.55	-5.55	1.81749	-1.81749
7.53025	-5.60113	1.20582	-2.60714	7.65989	-5.6552	7.65	-5.65	1.81747	-1.81747
7.67986	-5.85278	1.13605	-2.43783	7.78563	-5.85993	7.7	-5.8	0.909598	-2.72881
7.67986	-5.85278	1.13605	-2.43783	7.75276	-5.95823	7.75	-5.95	0.909594	-2.72878
7.82205	-6.09658	1.22358	-2.42039	7.79663	-6.00945	7.85	-6.05	1.81964	-1.81964
7.82205	-6.09658	1.22358	-2.42039	7.95034	-6.15505	7.95	-6.15	1.81962	-1.81962
8.02141	-6.37338	1.77093	-2.79866	8.04642	-6.30578	8.05	-6.3	1.99731	-2.99599
8.02141	-6.37338	1.77093	-2.79866	8.14855	-6.44643	8.15	-6.45	1.99732	-2.99598
8.17366	-6.58927	1.23157	-2.22786	8.26534	-6.60186	8.2	-6.55	0.909111	-1.81822
8.17366	-6.58927	1.23157	-2.22786	8.25279	-6.64996	8.25	-6.65	0.909111	-1.81822
8.31065	-6.83022	1.32816	-2.29633	8.2109	-6.73286	8.3	-6.8	0.90845	-2.72534
8.31065	-6.83022	1.32816	-2.29633	8.35448	-6.94719	8.35	-6.95	0.908442	-2.72531
8.50312	-7.12978	1.67217	-2.61413	8.61718	-7.22425	8.45	-7.1	1.81925	-2.72886
8.50312	-7.12978	1.67217	-2.61413	8.54666	-7.24803	8.55	-7.25	1.81924	-2.72886
8.68111	-7.39144	1.54838	-2.45963	8.69659	-7.3744	8.65	-7.35	1.82079	-1.8208
8.68111	-7.39144	1.54838	-2.45963	8.74711	-7.43338	8.75	-7.45	1.8208	-1.8208
8.83616	-7.63988	1.61157	-2.50714	8.68846	-7.50096	8.8	-7.6	0.997629	-2.99288
8.83616	-7.63988	1.61157	-2.50714	8.84984	-7.75349	8.85	-7.75	0.997629	-2.99288
8.94223	-7.87659	1.25487	-2.24372	8.77486	-7.80083	8.9	-7.9	0.909127	-2.72742
8.94223	-7.87659	1.25487	-2.24372	8.94604	-8.07116	8.95	-8.05	0.909127	-2.7274
9.02942	-8.11855	0.990419	-2.08413	8.92041	-8.11276	9	-8.15	0.909524	-1.81903
9.02942	-8.11855	0.990419	-2.08413	9.01893	-8.23506	9.05	-8.25	0.909516	-1.81902
9.12954	-8.38009	1.09798	-2.26933	9.04724	-8.3711	9.1	-8.4	0.909922	-2.72975
9.12954	-8.38009	1.09798	-2.26933	9.1628	-8.53304	9.15	-8.55	0.909913	-2.72976
9.2569	-8.67102	1.41534	-2.64763	9.09379	-8.55764	9.25	-8.7	1.8169	-2.72535
9.2569	-8.67102	1.41534	-2.64763	9.3508	-8.85468	9.35	-8.85	1.81688	-2.72532
9.3984	-8.94932	1.27562	-2.51102	9.40597	-8.96981	9.4	-9	0.910219	-2.73069
9.3984	-8.94932	1.27562	-2.51102	9.45338	-9.162	9.45	-9.15	0.910228	-2.73069
9.51142	-9.24667	1.21804	-2.56217	9.51544	-9.36256	9.5	-9.3	0.997908	-2.99371
9.51142	-9.24667	1.21804	-2.56217	9.56994	-9.45148	9.55	-9.45	0.997908	-2.99372
9.59681	-9.48964	0.82341	-2.18858	9.62712	-9.59131	9.6	-9.55	0.909971	-1.81993
9.59681	-9.48964	0.82341	-2.18858	9.64603	-9.66938	9.65	-9.65	0.909954	-1.81992
9.66371	-9.74251	0.727129	-2.1597	9.63311	-9.79216	9.65	-9.8	0	-2.73054
9.66371	-9.74251	0.727129	-2.1597	9.64842	-9.95866	9.65	-9.95	0	-2.73053
9.73895	-10.0267	0.999465	-2.56458	9.61381	-9.98703	9.7	-10.1	0.998187	-2.99456
9.73895	-10.0267	0.999465	-2.56458	9.7516	-10.2483	9.75	-10.25	0.998187	-2.99455
9.82246	-10.3175	0.965027	-2.61284	9.7698	-10.3568	9.8	-10.4	0.909806	-2.7294
9.82246	-10.3175	0.965027	-2.61284	9.8633	-10.5382	9.85	-10.55	0.909797	-2.72938
9.88305	-10.5955	0.654037	-2.34263	9.8617	-10.6917	9.85	-10.7	0	-2.72718
9.88305	-10.5955	0.654037	-2.34263	9.84674	-10.8547	9.85	-10.85	0	-2.72715
9.90079	-10.8691	0.478575	-2.28707	9.75887	-10.887	9.85	-11	0	-2.72395
9.90079	-10.8691	0.478575	-2.28707	9.86442	-11.1448	9.85	-11.15	0	-2.72395
9.91772	-11.1732	0.433763	-2.41071	9.87245	-11.316	9.85	-11.3	0	-2.73074
9.91772	-11.1732	0.433763	-2.41071	9.85036	-11.4464	9.85	-11.45	0	-2.73075
9.93129	-11.4865	0.343274	-2.4665	9.93142	-11.6783	9.85	-11.6	0	-2.72396
9.93129	-11.4865	0.343274	-2.4665	9.83174	-11.7336	9.85	-11.75	0	-2.72396
9.91079	-11.7685	0.139795	-2.38259	9.80843	-11.8702	9.8	-11.9	-1.0005	-3.00149
9.91079	-11.7685	0.139795	-2.38259	9.75331	-12.0506	9.75	-12.05	-1.0005	-3.0015
9.80292	-11.9785	-0.617089	-1.61398	9.64519	-12.1714	9.65	-12.15	-1.81799	-1.81797
9.80292	-11.9785	-0.617089	-1.61398	9.55524	-12.2329	9.55	-12.25	-1.81797	-1.81797
9.65664	-12.2605	-0.635508	-1.96885	9.47014	-12.4324	9.45	-12.4	-1.82042	-2.73064
9.65664	-12.2605	-0.635508	-1.96885	9.34172	-12.5587	9.35	-12.55	-1.82041	-2.73063
9.46753	-12.4852	-1.12052	-1.62292	9.21558	-12.6577	9.25	-12.65	-1.99893	-1.99891
9.46753	-12.4852	-1.12052	-1.62292	9.16462	-12.7506	9.15	-12.75	-1.99891	-1.9989
9.26708	-12.7	-1.33876	-1.59734	9.08802	-12.8351	9.05	-12.85	-1.81839	-1.81839
9.26708	-12.7	-1.33876	-1.59734	8.95936	-12.9426	8.95	-12.95	-1.81838	-1.81838
9.00615	-12.8507	-1.98142	-0.863283	8.8569	-13.1416	8.8	-13	-2.72942	-0.909806
9.00615	-12.8507	-1.98142	-0.863283	8.65422	-13.0444	8.65	-13.05	-2.72941	-0.909806
8.71162	-13.0181	-2.06403	-1.11865	8.49168	-13.0983	8.5	-13.15	-2.99987	-1.99991
8.71162	-13.0181	-2.06403	-1.11865	8.3436	-13.2381	8.35	-13.25	-2.99984	-1.9999
8.42172	-13.0487	-2.59338	-0.296555	8.19421	-13.0768	8.25	-13.2	-1.99797	0.998985
8.42172	-13.0487	-2.59338	-0.296555	8.15674	-13.1486	8.15	-13.15	-1.99797	0.998985
8.10587	-13.142	-2.56096	-0.609217	7.9999	-13.1879	8	-13.2	-2.73	-0.910004
8.10587	-13.142	-2.56096	-0.609217	7.85314	-13.2533	7.85	-13.25	-2.73	-0.910004
7.75899	-13.1482	-2.93351	-0.00280862	7.57824	-13.1345	7.65	-13.25	-3.62957	0
7.75899	-13.1482	-2.93351	-0.00280862	7.45422	-13.2433	7.45	-13.25	-3.62953	0
7.39684	-13.1851	-2.98538	-0.106462	7.33241	-13.2718	7.3	-13.25	-2.7301	0
7.39684	-13.1851	-2.98538	-0.106462	7.13166	-13.2372	7.15	-13.25	-2.73007	0
7.04487	-13.1883	-3.06612	-0.00747678	6.97467	-13.1643	7	-13.25	-2.72703	0
7.04487	-13.1883	-3.06612	-0.00747678	6.84852	-13.2404	6.85	-13.25	-2.727	0
6.69947	-13.154	-3.22116	0.381717	6.7113	-13.2598	6.7	-13.2	-2.72742	0.909144
6.69947	-13.154	-3.22116	0.381717	6.55626	-13.1584	6.55	-13.15	-2.72742	0.909144
6.35466	-13.0543	-3.29124	0.703948	6.32545	-12.9303	6.4	-13.1	-2.72703	0.908994
6.35466	-13.0543	-3.29124	0.703948	6.25112	-13.0473	6.25	-13.05	-2.727	0.908995
6.02226	-12.9768	-3.22244	0.664384	6.09711	-13.0021	6.1	-13	-2.73	0.910004
6.02226	-12.9768	-3.22244	0.664384	5.95513	-12.9613	5.95	-12.95	-2.72998	0.909996
5.7284	-12.9075	-3.1794	0.763423	5.89343	-13.1185	5.8	-12.9	-2.99275	0.99759
5.7284	-12.9075	-3.1794	0.763423	5.6635	-12.8347	5.65	-12.85	-2.99275	0.99758
5.45954	-12.7843	-3.13265	1.05292	5.61778	-12.8527	5.55	-12.75	-1.81993	1.81994
5.45954	-12.7843	-3.13265	1.05292	5.45219	-12.6228	5.45	-12.65	-1.81994	1.81994
5.19517	-12.5995	-3.02682	1.31836	5.30917	-12.4284	5.35	-12.55	-1.81722	1.81723
5.19517	-12.5995	-3.02682	1.31836	5.25069	-12.4448	5.25	-12.45	-1.81721	1.81721
4.94816	-12.4003	-2.94267	1.65061	5.13338	-12.4375	5.1	-12.35	-2.72881	1.8192
4.94816	-12.4003	-2.94267	1.65061	4.9499	-12.2734	4.95	-12.25	-2.72881	1.81921
4.73231	-12.2205	-2.65971	1.40271	4.92993	-12.1787	4.9	-12.15	-0.908467	1.81693
4.73231	-12.2205	-2.65971	1.40271	4.84027	-12.0359	4.85	-12.05	-0.908462	1.81692
4.55755	-11.9558	-2.60706	2.15663	4.79909	-11.9738	4.75	-11.9	-1.81788	2.72684
4.55755	-11.9558	-2.60706	2.15663	4.63814	-11.758	4.65	-11.75	-1.81788	2.72683
4.38564	-11.7186	-2.23554	1.70821	4.50688	-11.4491	4.6	-11.65	-0.909963	1.81994
4.38564	-11.7186	-2.23554	1.70821	4.5399	-11.541	4.55	-11.55	-0.909959	1.81992
4.2586	-11.3952	-2.18907	2.5594	4.46798	-11.2692	4.5	-11.35	-0.909227	3.63689
4.2586	-11.3952	-2.18907	2.5594	4.45518	-11.1556	4.45	-11.15	-0.909218	3.63686
4.19085	-11.1668	-1.66062	1.88198	4.47788	-11.2387	4.4	-11.05	-0.909227	1.81845
4.19085	-11.1668	-1.66062	1.88198	4.36691	-10.9529	4.35	-10.95	-0.909222	1.81844
4.15952	-10.9167	-1.28962	1.78391	4.34978	-10.6819	4.4	-10.8	0.9094	2.72823
4.15952	-10.9167	-1.28962	1.78391	4.42489	-10.6572	4.45	-10.65	0.909396	2.72819
4.17248	-10.6302	-1.10738	2.31096	4.45256	-10.5332	4.45	-10.5	0	3.00113
4.17248	-10.6302	-1.10738	2.31096	4.44692	-10.3512	4.45	-10.35	0	3.00113
4.2291	-10.3332	-0.69277	2.28016	4.41237	-9.99477	4.5	-10.2	0.999524	2.99855
4.2291	-10.3332	-0.69277	2.28016	4.5556	-10.0446	4.55	-10.05	0.999524	2.99856
4.32729	-10.0412	-0.322038	2.36308	4.57379	-9.85032	4.6	-9.9	0.998267	2.9948
4.32729	-10.0412	-0.322038	2.36308	4.65841	-9.75093	4.65	-9.75	0.998262	2.99479
4.4785	-9.78057	0.333249	1.82769	4.60255	-9.4741	4.7	-9.65	0.910924	1.82187
4.4785	-9.78057	0.333249	1.82769	4.74425	-9.53907	4.75	-9.55	0.910928	1.82186
4.60853	-9.50003	0.42863	2.20101	4.78405	-9.35872	4.8	-9.4	0.908038	2.72411
4.60853	-9.50003	0.42863	2.20101	4.87523	-9.25457	4.85	-9.25	0.908033	2.7241
4.78131	-9.20131	0.739957	2.2494	4.92663	-9.02336	4.95	-9.1	1.81851	2.72776
4.78131	-9.20131	0.739957	2.2494	5.04624	-8.96378	5.05	-8.95	1.81852	2.72777
4.97822	-8.89444	1.02434	2.3238	5.1055	-8.72095	5.15	-8.8	1.8165	2.72476
4.97822	-8.89444	1.02434	2.3238	5.26299	-8.64398	5.25	-8.65	1.8165	2.72475
5.23213	-8.63203	1.57833	1.97337	5.34134	-8.5519	5.35	-8.55	1.82159	1.8216
5.23213	-8.63203	1.57833	1.97337	5.43218	-8.43885	5.45	-8.45	1.82157	1.82157
5.42674	-8.38087	1.52486	2.1841	5.5122	-8.36624	5.5	-8.35	0.908054	1.81609
5.42674	-8.38087	1.52486	2.1841	5.54143	-8.23537	5.55	-8.25	0.908054	1.8161
5.69091	-8.18054	2.09413	1.6455	5.72065	-8.20245	5.7	-8.15	2.72851	1.81902
5.69091	-8.18054	2.09413	1.6455	5.85207	-8.0316	5.85	-8.05	2.72849	1.81899
5.88606	-7.94829	1.67991	2.15306	5.99121	-7.96746	5.95	-7.9	1.81851	2.72777
5.88606	-7.94829	1.67991	2.15306	6.04955	-7.75139	6.05	-7.75	1.81852	2.72777
6.12704	-7.71304	1.92533	2.01892	6.20599	-7.74241	6.15	-7.65	1.81739	1.81739
6.12704	-7.71304	1.92533	2.01892	6.2473	-7.56333	6.25	-7.55	1.81739	1.81739
6.35798	-7.4845	1.98758	2.01368	6.39144	-7.48582	6.35	-7.45	1.8164	1.81641
6.35798	-7.4845	1.98758	2.01368	6.44526	-7.36223	6.45	-7.35	1.81638	1.81638
6.62522	-7.2778	2.28281	1.8047	6.66209	-7.31025	6.6	-7.25	2.72856	1.81904
6.62522	-7.2778	2.28281	1.8047	6.74856	-7.14204	6.75	-7.15	2.72856	1.81904
6.85186	-7.07129	2.12766	1.91113	6.83447	-7.05268	6.85	-7.05	1.82066	1.82066
6.85186	-7.07129	2.12766	1.91113	6.97717	-6.96144	6.95	-6.95	1.82065	1.82065
7.12547	-6.88108	2.46572	1.70151	7.13677	-6.88363	7.1	-6.85	2.99976	1.99984
7.12547	-6.88108	2.46572	1.70151	7.2552	-6.74652	7.25	-6.75	2.99976	1.99984
7.2858	-6.67629	1.85233	2.09792	7.234	-6.59525	7.3	-6.65	0.999384	1.99876
7.2858	-6.67629	1.85233	2.09792	7.33491	-6.53948	7.35	-6.55	0.999369	1.99874
7.61404	-6.53475	2.91706	1.35973	7.67988	-6.69347	7.5	-6.55	2.72747	0
7.61404	-6.53475	2.91706	1.35973	7.64389	-6.55777	7.65	-6.55	2.72745	0
7.83724	-6.41873	2.22985	1.61395	7.94309	-6.60222	7.75	-6.45	1.81623	1.81624
7.83724	-6.41873	2.22985	1.61395	7.84566	-6.34021	7.85	-6.35	1.81623	1.81624
8.09651	-6.28066	2.59515	1.29465	7.9171	-6.24084	8	-6.3	2.72648	0.908821
8.09651	-6.28066	2.59515	1.29465	8.14601	-6.23101	8.15	-6.25	2.72645	0.908817
8.28167	-6.12152	1.7483	1.7333	8.37368	-6.18614	8.25	-6.1	1.81898	2.72847
8.28167	-6.12152	1.7483	1.7333	8.35502	-5.95811	8.35	-5.95	1.81897	2.72844
8.56625	-5.94904	2.58439	1.30087	8.43843	-5.87193	8.5	-5.9	2.72647	0.90883
8.56625	-5.94904	2.58439	1.30087	8.64201	-5.86567	8.65	-5.85	2.72645	0.908817
8.78755	-5.78838	2.09429	1.53755	8.76652	-5.75601	8.75	-5.75	1.81789	1.81788
8.78755	-5.78838	2.09429	1.53755	8.85198	-5.65134	8.85	-5.65	1.81789	1.81788
9.04987	-5.59783	2.41043	1.44586	8.91028	-5.47662	9	-5.55	2.73109	1.82073
9.04987	-5.59783	2.41043	1.44586	9.13482	-5.45989	9.15	-5.45	2.73106	1.82072
9.28331	-5.4169	2.07712	1.62723	9.32693	-5.39468	9.25	-5.35	1.81796	1.81795
9.28331	-5.4169	2.07712	1.62723	9.33045	-5.26019	9.35	-5.25	1.81794	1.81793
9.54201	-5.21607	2.34604	1.57499	9.4498	-5.12838	9.5	-5.15	2.72905	1.81937
9.54201	-5.21607	2.34604	1.57499	9.63754	-5.04328	9.65	-5.05	2.72903	1.81935
9.7135	-5.02199	1.58034	1.90221	9.83281	-5.00671	9.7	-4.95	0.998666	1.99733
9.7135	-5.02199	1.58034	1.90221	9.74856	-4.84745	9.75	-4.85	0.998656	1.99731
9.91077	-4.81294	1.766	1.87375	9.96003	-4.81123	9.85	-4.75	1.8172	1.81719
9.91077	-4.81294	1.766	1.87375	9.93394	-4.66432	9.95	-4.65	1.81717	1.81717
10.1179	-4.59799	1.83639	1.8766	10.1357	-4.58625	10.05	-4.55	1.82042	1.82043
10.1179	-4.59799	1.83639	1.8766	10.1444	-4.44253	10.15	-4.45	1.82041	1.82042
10.3781	-4.38338	2.35549	1.75221	10.3185	-4.35401	10.3	-4.35	2.72672	1.81782
10.3781	-4.38338	2.35549	1.75221	10.4496	-4.24828	10.45	-4.25	2.7267	1.8178
10.512	-4.16752	1.20154	2.08964	10.5826	-4.11494	10.5	-4.1	0.908764	2.72628
10.512	-4.16752	1.20154	2.08964	10.5542	-3.95161	10.55	-3.95	0.908764	2.72628
10.6781	-3.89361	1.42109	2.13642	10.6618	-3.80699	10.65	-3.8	1.8194	2.72911
10.6781	-3.89361	1.42109	2.13642	10.7602	-3.65417	10.75	-3.65	1.81939	2.72908
10.8812	-3.62589	1.78159	2.13403	10.8593	-3.57039	10.85	-3.55	1.81839	1.81838
10.8812	-3.62589	1.78159	2.13403	10.9375	-3.46792	10.95	-3.45	1.81838	1.81838
11.0062	-3.37038	1.12519	2.29722	11.0183	-3.30073	11	-3.3	0.908549	2.72563
11.0062	-3.37038	1.12519	2.29722	11.0672	-3.14607	11.05	-3.15	0.908549	2.72564
11.1176	-3.08447	0.97721	2.39174	11.1054	-3.01303	11.1	-3	0.90888	2.72663
11.1176	-3.08447	0.97721	2.39174	11.1428	-2.8481	11.15	-2.85	0.908863	2.72661
11.2198	-2.78279	0.917861	2.4799	11.1758	-2.69942	11.2	-2.7	0.909988	2.72995
11.2198	-2.78279	0.917861	2.4799	11.2495	-2.5409	11.25	-2.55	0.909988	2.72995
11.2157	-2.50714	-0.244423	2.63423	11.4549	-2.46508	11.2	-2.4	-0.907692	2.72306
11.2157	-2.50714	-0.244423	2.63423	11.1705	-2.24061	11.15	-2.25	-0.907683	2.72304
11.3446	-2.14575	1.18316	2.63335	11.2202	-2.08176	11.25	-2.1	1.8219	2.73284
11.3446	-2.14575	1.18316	2.63335	11.3536	-1.97104	11.35	-1.95	1.82188	2.73281
11.3708	-1.85918	0.389845	2.67406	11.224	-1.77367	11.35	-1.8	0	2.71996
11.3708	-1.85918	0.389845	2.67406	11.3661	-1.64386	11.35	-1.65	0	2.71993
11.3771	-1.54472	0.142907	2.72585	11.2691	-1.47976	11.35	-1.5	0	2.73448
11.3771	-1.54472	0.142907	2.72585	11.3391	-1.34511	11.35	-1.35	0	2.73446
11.2514	-1.27633	-1.12873	2.72649	11.2507	-1.19626	11.25	-1.2	-1.99969	2.99952
11.2514	-1.27633	-1.12873	2.72649	11.1532	-1.04324	11.15	-1.05	-1.99967	2.99949
11.1233	-0.96616	-1.14712	2.80107	10.9697	-0.89157	11.1	-0.9	-1.00006	3.00024
11.1233	-0.96616	-1.14712	2.80107	11.0654	-0.742685	11.05	-0.75	-1.00006	3.00021
10.9517	-0.682204	-1.56335	2.77459	10.8913	-0.655608	10.95	-0.649999	-1.81771	1.81773
10.9517	-0.682204	-1.56335	2.77459	10.8418	-0.549005	10.85	-0.549999	-1.81772	1.81773
10.7758	-0.404207	-1.63969	2.71623	10.827	-0.442912	10.75	-0.45	-1.81842	1.8184
10.7758	-0.404207	-1.63969	2.71623	10.6642	-0.353413	10.65	-0.35	-1.8184	1.81839
10.5002	-0.20402	-2.63552	2.4915	10.5503	-0.248633	10.5	-0.25	-3.00035	2.00024
10.5002	-0.20402	-2.63552	2.4915	10.3487	-0.171899	10.35	-0.15	-3.00032	2.00022
10.2719	-0.00580988	-2.29235	2.4015	10.2559	-0.115293	10.25	-0.0999996	-2.00053	1.00027
10.2719	-0.00580988	-2.29235	2.4015	10.137	-0.0462889	10.15	-0.0499992	-2.00053	1.00027
10.0635	0.157268	-2.11497	2.24711	10.0717	0.0165033	10.05	9.49949e-07	-2.00009	1.00004
10.0635	0.157268	-2.11497	2.24711	9.92833	0.0556031	9.95	0.0500011	-2.00006	1.00003
9.80583	0.23139	-2.63031	1.87623	9.8478	0.0279858	9.8	0.0500011	-3.00025	0
9.80583	0.23139	-2.63031	1.87623	9.65029	0.0372757	9.65	0.0500011	-3.00024	0
9.52553	0.291074	-2.85981	1.57527	9.54682	0.0997641	9.5	0.100001	-2.99825	0.999409
9.52553	0.291074	-2.85981	1.57527	9.33515	0.138463	9.35	0.15	-2.99825	0.999409
9.31335	0.337717	-2.22077	1.35433	9.46113	0.134275	9.25	0.15	-1.81915	0
9.31335	0.337717	-2.22077	1.35433	9.13787	0.161547	9.15	0.15	-1.81913	0
9.02809	0.35978	-2.76452	1.04286	9.02723	0.196492	9	0.2	-2.99927	0.99976
9.02809	0.35978	-2.76452	1.04286	8.82128	0.250523	8.85	0.25	-2.99927	0.99976
8.7315	0.375951	-2.94376	0.82733	8.67607	0.247512	8.7	0.25	-2.99873	0
8.7315	0.375951	-2.94376	0.82733	8.54916	0.247046	8.55	0.25	-2.99871	0
8.44906	0.378129	-2.72869	0.641997	8.44086	0.253341	8.4	0.25	-2.72872	0
8.44906	0.378129	-2.72869	0.641997	8.2302	0.258614	8.25	0.25	-2.72871	0
8.14661	0.343552	-2.89023	0.389828	8.1066	0.204722	8.1	0.2	-2.99909	-0.9997
8.14661	0.343552	-2.89023	0.389828	7.94777	0.127954	7.95	0.15	-2.9991	-0.9997
7.84871	0.284048	-2.99344	0.146703	7.82213	0.149733	7.8	0.15	-3.00101	0
7.84871	0.284048	-2.99344	0.146703	7.63383	0.15164	7.65	0.15	-3.00099	0
7.56122	0.213372	-2.71791	-0.0560737	7.49691	0.101076	7.5	0.100001	-2.72698	-0.908982
7.56122	0.213372	-2.71791	-0.0560737	7.35046	0.0656199	7.35	0.0500011	-2.72695	-0.908974
7.30882	0.112418	-2.27886	-0.286374	7.13188	-0.00451978	7.25	9.49949e-07	-2.00032	-1.00016
7.30882	0.112418	-2.27886	-0.286374	7.14965	-0.0559868	7.15	-0.0499992	-2.0003	-1.00015
7.00633	-0.0195082	-2.6804	-0.549375	6.77233	-0.150907	7	-0.15	-2.72534	-1.8169
7.00633	-0.0195082	-2.6804	-0.549375	6.85872	-0.227918	6.85	-0.25	-2.72532	-1.81688
6.83141	-0.219486	-1.58662	-0.943992	6.70421	-0.347264	6.8	-0.349999	-1.00053	-2.00107
6.83141	-0.219486	-1.58662	-0.943992	6.74687	-0.441006	6.75	-0.449999	-1.00054	-2.00107
6.65564	-0.41015	-1.80811	-1.18544	6.72084	-0.550555	6.65	-0.549999	-2.00016	-2.00017
6.65564	-0.41015	-1.80811	-1.18544	6.54837	-0.624094	6.55	-0.65	-2.00016	-2.00017
6.52652	-0.665671	-1.17731	-1.61478	6.40088	-0.78131	6.5	-0.799999	-0.999884	-2.99963
6.52652	-0.665671	-1.17731	-1.61478	6.44859	-0.960126	6.45	-0.949999	-0.999884	-2.99963
6.42775	-0.953718	-0.899039	-2.0022	6.37766	-1.0844	6.4	-1.1	-0.999984	-2.99995
6.42775	-0.953718	-0.899039	-2.0022	6.35596	-1.24356	6.35	-1.25	-0.999969	-2.99992
6.4038	-1.28999	-0.325875	-2.47953	6.5527	-1.43518	6.35	-1.4	0	-3.00132
6.4038	-1.28999	-0.325875	-2.47953	6.35503	-1.55184	6.35	-1.55	0	-3.00129
6.36269	-1.59468	-0.317194	-2.61083	6.33086	-1.6454	6.35	-1.65	0	-1.81769
6.36269	-1.59468	-0.317194	-2.61083	6.34356	-1.7483	6.35	-1.75	0	-1.81769
6.36686	-1.93616	0.127839	-2.92447	6.34522	-1.96081	6.35	-1.95	0	-3.99976
6.36686	-1.93616	0.127839	-2.92447	6.34095	-2.12276	6.35	-2.15	0	-3.99972
6.35028	-2.22277	-0.103004	-2.84084	6.3068	-2.23646	6.35	-2.25	0	-2
6.35028	-2.22277	-0.103004	-2.84084	6.34785	-2.35274	6.35	-2.35	0	-1.99998
6.34109	-2.50805	-0.0181296	-2.8807	6.26272	-2.46894	6.35	-2.5	0	-3
6.34109	-2.50805	-0.0181296	-2.8807	6.36265	-2.64414	6.35	-2.65	0	-3
6.39248	-2.82448	0.508346	-3.16102	6.38105	-2.77438	6.4	-2.8	1.00003	-3.00012
6.39248	-2.82448	0.508346	-3.16102	6.461	-2.95066	6.45	-2.95	1.00003	-3.00009
6.4852	-3.1716	0.906484	-3.41153	6.50958	-3.15806	6.5	-3.15	0.999284	-3.99712
6.4852	-3.1716	0.906484	-3.41153	6.55345	-3.36165	6.55	-3.35	0.999284	-3.99712
6.56337	-3.46756	0.556477	-3.05679	6.64067	-3.46888	6.6	-3.45	0.909922	-1.81983
6.56337	-3.46756	0.556477	-3.05679	6.63536	-3.55462	6.65	-3.55	0.909917	-1.81984
6.67098	-3.77247	0.889942	-3.14894	6.70376	-3.69784	6.7	-3.7	0.999335	-2.99802
6.67098	-3.77247	0.889942	-3.14894	6.75151	-3.84595	6.75	-3.85	0.99934	-2.99802
6.75842	-4.04907	0.811822	-2.9595	6.65288	-3.91672	6.8	-4	0.908549	-2.72564
6.75842	-4.04907	0.811822	-2.9595	6.85764	-4.15466	6.85	-4.15	0.908537	-2.72561
6.84642	-4.30961	0.552259	-2.6138	6.9447	-4.2991	6.9	-4.25	0.90988	-1.81977
6.84642	-4.30961	0.552259	-2.6138	6.94846	-4.34203	6.95	-4.35	0.909876	-1.81975
6.97001	-4.57497	0.916784	-2.74224	7.09552	-4.55441	7	-4.5	1.00008	-3.00024
6.97001	-4.57497	0.916784	-2.74224	7.03506	-4.6461	7.05	-4.65	1.00008	-3.00024
7.13417	-4.87665	1.43065	-3.06776	7.25009	-4.88515	7.15	-4.8	1.99984	-2.99976
7.13417	-4.87665	1.43065	-3.06776	7.26242	-4.9318	7.25	-4.95	1.99984	-2.99976
7.25713	-5.10546	1.00717	-2.58556	7.33292	-5.08676	7.3	-5.05	1.00028	-2.00057
7.25713	-5.10546	1.00717	-2.58556	7.3521	-5.15533	7.35	-5.15	1.00028	-2.00056
7.38066	-5.34185	1.10219	-2.56373	7.40318	-5.28627	7.4	-5.3	1.00003	-3.00012
7.38066	-5.34185	1.10219	-2.56373	7.44098	-5.44336	7.45	-5.45	1.00004	-3.00012
7.51166	-5.59104	1.28048	-2.6484	7.46878	-5.50726	7.55	-5.55	1.99961	-1.99961
7.51166	-5.59104	1.28048	-2.6484	7.66561	-5.647	7.65	-5.65	1.9996	-1.9996
7.64883	-5.82905	1.22179	-2.52094	7.70927	-5.8194	7.7	-5.8	1.00027	-3.00084
7.64883	-5.82905	1.22179	-2.52094	7.75724	-5.96146	7.75	-5.95	1.00028	-3.00084
7.78821	-6.06523	1.37869	-2.57894	7.71187	-5.94164	7.85	-6.05	1.9998	-1.99981
7.78821	-6.06523	1.37869	-2.57894	7.95005	-6.14609	7.95	-6.15	1.9998	-1.9998
7.92468	-6.27316	1.12983	-2.25925	8.03808	-6.28852	8	-6.25	1.00004	-2.00008
7.92468	-6.27316	1.12983	-2.25925	8.04346	-6.35767	8.05	-6.35	1.00004	-2.00008
8.09749	-6.53244	1.64986	-2.66225	8.1071	-6.48544	8.15	-6.5	1.99951	-2.99928
8.09749	-6.53244	1.64986	-2.66225	8.25742	-6.66007	8.25	-6.65	1.9995	-2.99925
8.24425	-6.74143	1.13287	-2.11171	8.38768	-6.7963	8.3	-6.75	0.90921	-1.81841
8.24425	-6.74143	1.13287	-2.11171	8.33159	-6.8699	8.35	-6.85	0.90921	-1.81841
8.40864	-7.00539	1.41182	-2.36375	8.58336	-7.15056	8.4	-7	1.0001	-3.00036
8.40864	-7.00539	1.41182	-2.36375	8.45779	-7.15285	8.45	-7.15	1.00011	-3.00036
8.54217	-7.24114	1.50534	-2.45667	8.37938	-7.10665	8.55	-7.25	1.99907	-1.99908
8.54217	-7.24114	1.50534	-2.45667	8.647	-7.3454	8.65	-7.35	1.99908	-1.99908
8.70045	-7.50325	1.55003	-2.51854	8.76035	-7.57239	8.7	-7.5	1.00058	-3.00174
8.70045	-7.50325	1.55003	-2.51854	8.76121	-7.66039	8.75	-7.65	1.00057	-3.00171
8.81336	-7.72253	1.1605	-2.17483	8.81118	-7.75569	8.8	-7.75	0.999844	-1.99968
8.81336	-7.72253	1.1605	-2.17483	8.84363	-7.83628	8.85	-7.85	0.999844	-1.99968
8.99052	-8.01772	1.73014	-2.74887	9.07758	-8.1058	8.95	-8	2.00017	-3.00024
8.99052	-8.01772	1.73014	-2.74887	9.05238	-8.15838	9.05	-8.15	2.00014	-3.00021
9.10994	-8.24276	1.25928	-2.30458	9.05557	-8.22632	9.1	-8.25	0.998905	-1.99781
9.10994	-8.24276	1.25928	-2.30458	9.15492	-8.35136	9.15	-8.35	0.998886	-1.99779
9.2414	-8.49307	1.21753	-2.28401	9.30408	-8.57245	9.2	-8.5	0.908863	-2.72657
9.2414	-8.49307	1.21753	-2.28401	9.2543	-8.64461	9.25	-8.65	0.908855	-2.72655
9.33873	-8.7517	1.15027	-2.3038	9.15971	-8.67035	9.3	-8.8	0.909475	-2.72841
9.33873	-8.7517	1.15027	-2.3038	9.35164	-8.95148	9.35	-8.95	0.909466	-2.72839
9.46613	-9.06049	1.36545	-2.63875	9.47941	-9.179	9.4	-9.1	0.999765	-2.99935
9.46613	-9.06049	1.36545	-2.63875	9.44272	-9.24111	9.45	-9.25	0.999774	-2.99934
9.55197	-9.30742	0.905062	-2.22621	9.53008	-9.38561	9.5	-9.35	0.908962	-1.81792
9.55197	-9.30742	0.905062	-2.22621	9.5752	-9.43724	9.55	-9.45	0.908954	-1.8179
9.64169	-9.57876	0.949502	-2.34395	9.60163	-9.60777	9.6	-9.6	0.909988	-2.72996
9.64169	-9.57876	0.949502	-2.34395	9.62903	-9.75552	9.65	-9.75	0.909971	-2.72993
9.739	-9.87178	1.043	-2.52538	9.69155	-9.89958	9.7	-9.9	0.907972	-2.7239
9.739	-9.87178	1.043	-2.52538	9.74482	-10.046	9.75	-10.05	0.907972	-2.72391
9.79928	-10.1328	0.735007	-2.27289	9.69256	-10.1336	9.75	-10.2	0	-2.73106
9.79928	-10.1328	0.735007	-2.27289	9.75264	-10.3488	9.75	-10.35	0	-2.73105
9.88119	-10.4489	1.03478	-2.74205	9.82419	-10.5024	9.8	-10.5	1	-2.99999
9.88119	-10.4489	1.03478	-2.74205	9.83234	-10.6514	9.85	-10.65	0.999994	-2.99996
9.93604	-10.7257	0.82176	-2.60836	9.825	-10.7525	9.85	-10.8	0	-3.00047
9.93604	-10.7257	0.82176	-2.60836	9.85033	-10.9603	9.85	-10.95	0	-3.00048
9.94653	-10.9676	0.307957	-2.13071	9.91881	-11.1448	9.85	-11.05	0	-1.9956
9.94653	-10.9676	0.307957	-2.13071	9.86057	-11.1502	9.85	-11.15	0	-1.99559
9.94565	-11.2328	0.307757	-2.28061	9.83851	-11.2795	9.85	-11.3	0	-2.73184
9.94565	-11.2328	0.307757	-2.28061	9.83839	-11.4483	9.85	-11.45	0	-2.73182
9.92617	-11.5123	0.203325	-2.34305	9.79654	-11.5922	9.8	-11.6	-0.998566	-2.9957
9.92617	-11.5123	0.203325	-2.34305	9.75592	-11.7487	9.75	-11.75	-0.998566	-2.99569
9.8995	-11.8182	0.176321	-2.52953	9.77699	-11.9246	9.75	-11.9	0	-2.73084
9.8995	-11.8182	0.176321	-2.52953	9.75861	-12.0491	9.75	-12.05	0	-2.73085
9.82166	-12.0827	-0.317479	-2.08885	9.63743	-12.1863	9.65	-12.2	-1.81598	-2.72396
9.82166	-12.0827	-0.317479	-2.08885	9.56514	-12.3446	9.55	-12.35	-1.81597	-2.72396
9.66704	-12.3032	-0.917571	-1.55113	9.47157	-12.4849	9.45	-12.45	-1.82132	-1.82133
9.66704	-12.3032	-0.917571	-1.55113	9.34752	-12.5408	9.35	-12.55	-1.82131	-1.82131
9.4882	-12.5561	-1.00831	-1.76847	9.32154	-12.7193	9.3	-12.65	-0.908038	-1.81606
9.4882	-12.5561	-1.00831	-1.76847	9.24151	-12.7411	9.25	-12.75	-0.908029	-1.81605
9.26667	-12.6905	-1.65062	-0.99475	9.04013	-12.7738	9.05	-12.85	-3.64007	-1.82004
9.26667	-12.6905	-1.65062	-0.99475	8.83995	-12.9425	8.85	-12.95	-3.64007	-1.82003
8.97823	-12.8505	-1.95487	-0.93871	8.73518	-13.0163	8.75	-13	-1.9959	-0.997948
8.97823	-12.8505	-1.95487	-0.93871	8.6395	-13.0341	8.65	-13.05	-1.9959	-0.997948
8.687	-12.9614	-2.24253	-0.735626	8.48414	-13.0416	8.5	-13.1	-2.73149	-0.910502
8.687	-12.9614	-2.24253	-0.735626	8.34268	-13.1451	8.35	-13.15	-2.73146	-0.910485
8.36183	-13.0894	-2.40586	-0.778345	8.19497	-13.1991	8.2	-13.2	-2.72385	-0.907955
8.36183	-13.0894	-2.40586	-0.778345	8.06107	-13.2364	8.05	-13.25	-2.72383	-0.907947
8.03652	-13.1446	-2.70142	-0.373774	7.88931	-13.1791	7.9	-13.25	-2.72673	0
8.03652	-13.1446	-2.70142	-0.373774	7.75593	-13.2425	7.75	-13.25	-2.72673	0
7.68209	-13.1675	-2.918	-0.11772	7.52542	-13.1457	7.6	-13.25	-2.72991	0
7.68209	-13.1675	-2.918	-0.11772	7.44992	-13.2329	7.45	-13.25	-2.72991	0
7.31082	-13.1037	-3.29567	0.618799	7.19347	-13.1392	7.25	-13.2	-3.63887	0.909723
7.31082	-13.1037	-3.29567	0.618799	7.05468	-13.1604	7.05	-13.15	-3.63887	0.909723
6.93019	-13.1165	-3.14409	0.0688017	6.90569	-13.1515	6.9	-13.15	-2.72312	0
6.93019	-13.1165	-3.14409	0.0688017	6.73255	-13.1364	6.75	-13.15	-2.72312	0
6.6024	-13.1413	-3.14711	0.0247297	6.69426	-13.3705	6.6	-13.15	-3.00475	0
6.6024	-13.1413	-3.14711	0.0247297	6.42749	-13.1436	6.45	-13.15	-3.00472	0
6.32056	-13.1098	-3.16438	0.272842	6.4246	-13.2048	6.35	-13.1	-1.9976	0.998786
6.32056	-13.1098	-3.16438	0.272842	6.2503	-13.0552	6.25	-13.05	-1.99758	0.998786
6.03089	-13.051	-3.16233	0.526494	6.162	-13.1569	6.1	-13	-2.72732	0.909111
6.03089	-13.051	-3.16233	0.526494	5.95166	-12.9396	5.95	-12.95	-2.72732	0.909111
5.72121	-12.9514	-3.13736	0.728731	5.78184	-12.8825	5.8	-12.9	-2.72895	0.909657
5.72121	-12.9514	-3.13736	0.728731	5.64785	-12.8416	5.65	-12.85	-2.72896	0.909648
5.43129	-12.8051	-3.14147	1.15567	5.54035	-12.7925	5.55	-12.75	-1.81808	1.81809
5.43129	-12.8051	-3.14147	1.15567	5.43842	-12.6552	5.45	-12.65	-1.81809	1.81809
5.16797	-12.616	-3.06391	1.497	5.33087	-12.5965	5.3	-12.55	-2.7236	1.81575
5.16797	-12.616	-3.06391	1.497	5.12059	-12.4527	5.15	-12.45	-2.72358	1.81572
4.92004	-12.4543	-2.88096	1.4333	5.13793	-12.5907	5.05	-12.35	-1.81967	1.81966
4.92004	-12.4543	-2.88096	1.4333	4.95241	-12.2277	4.95	-12.25	-1.81967	1.81967
4.6838	-12.2078	-2.83713	1.94956	4.81467	-12.1072	4.85	-12.1	-1.81844	2.72766
4.6838	-12.2078	-2.83713	1.94956	4.75144	-11.9561	4.75	-11.95	-1.81844	2.72767
4.50375	-11.9794	-2.46955	1.62083	4.6829	-11.7433	4.7	-11.85	-0.909557	1.8191
4.50375	-11.9794	-2.46955	1.62083	4.67603	-11.7496	4.65	-11.75	-0.909553	1.81911
4.37117	-11.7304	-2.25121	1.91983	4.61619	-11.6508	4.6	-11.6	-0.907782	2.72335
4.37117	-11.7304	-2.25121	1.91983	4.5432	-11.4431	4.55	-11.45	-0.907778	2.72334
4.26003	-11.3754	-2.15278	2.73514	4.48104	-11.1618	4.5	-11.25	-0.910253	3.64099
4.26003	-11.3754	-2.15278	2.73514	4.44374	-11.0696	4.45	-11.05	-0.910253	3.64099
4.22117	-11.1286	-1.48192	1.80547	4.46178	-10.9843	4.45	-10.95	0	1.81804
4.22117	-11.1286	-1.48192	1.80547	4.4464	-10.8663	4.45	-10.85	0	1.81805
4.24312	-10.9393	-1.05354	1.6024	4.60972	-11.1274	4.45	-10.75	0	1.81614
4.24312	-10.9393	-1.05354	1.6024	4.43858	-10.6346	4.45	-10.65	0	1.81614
4.22464	-10.6135	-1.09934	2.55897	4.43099	-10.4242	4.45	-10.45	0	3.6396
4.22464	-10.6135	-1.09934	2.55897	4.44616	-10.2449	4.45	-10.25	0	3.6396
4.2914	-10.301	-0.595643	2.33133	4.52156	-10.1192	4.5	-10.1	0.910021	2.73005
4.2914	-10.301	-0.595643	2.33133	4.55225	-9.94382	4.55	-9.95	0.910013	2.73003
4.3847	-9.97567	-0.27734	2.51788	4.5897	-9.73456	4.6	-9.8	0.999085	2.99725
4.3847	-9.97567	-0.27734	2.51788	4.64586	-9.65356	4.65	-9.65	0.99908	2.99724
4.52162	-9.69179	0.311463	2.07141	4.61159	-9.38621	4.7	-9.55	0.910095	1.82021
4.52162	-9.69179	0.311463	2.07141	4.7442	-9.45683	4.75	-9.45	0.910091	1.82018
4.66258	-9.4111	0.531599	2.22857	4.80746	-9.23434	4.85	-9.3	1.99828	2.99743
4.66258	-9.4111	0.531599	2.22857	4.94202	-9.15915	4.95	-9.15	1.99826	2.99739
4.82759	-9.11143	0.702276	2.48139	5.03379	-9.03255	5	-9	0.908384	2.72514
4.82759	-9.11143	0.702276	2.48139	5.06039	-8.84271	5.05	-8.85	0.908384	2.72514
5.05552	-8.84739	1.28244	2.05477	5.21058	-8.83852	5.15	-8.75	1.81679	1.8168
5.05552	-8.84739	1.28244	2.05477	5.26598	-8.6555	5.25	-8.65	1.81679	1.8168
5.25046	-8.57896	1.36605	2.19877	5.33786	-8.49992	5.35	-8.5	1.82017	2.73024
5.25046	-8.57896	1.36605	2.19877	5.43516	-8.36367	5.45	-8.35	1.82015	2.73022
5.48742	-8.32313	1.68206	2.06264	5.58025	-8.28767	5.55	-8.25	1.81852	1.81852
5.48742	-8.32313	1.68206	2.06264	5.65225	-8.1686	5.65	-8.15	1.8185	1.8185
5.73441	-8.09768	1.91495	1.94303	5.83663	-8.14888	5.75	-8.05	1.81752	1.81753
5.73441	-8.09768	1.91495	1.94303	5.81186	-7.95139	5.85	-7.95	1.81752	1.81752
5.95828	-7.88918	1.96959	1.90358	5.99151	-7.92468	5.95	-7.85	1.8194	1.8194
5.95828	-7.88918	1.96959	1.90358	6.04627	-7.74932	6.05	-7.75	1.81941	1.8194
6.13726	-7.63344	1.70783	2.19504	6.05883	-7.47931	6.15	-7.6	1.81742	2.72613
6.13726	-7.63344	1.70783	2.19504	6.26179	-7.43797	6.25	-7.45	1.8174	2.72611
6.40225	-7.39882	2.22529	1.82798	6.3458	-7.29797	6.4	-7.35	2.7248	1.81653
6.40225	-7.39882	2.22529	1.82798	6.55234	-7.24441	6.55	-7.25	2.72477	1.81651
6.6638	-7.20491	2.38487	1.69719	6.61964	-7.17343	6.65	-7.2	1.81957	0.909789
6.6638	-7.20491	2.38487	1.69719	6.74556	-7.15305	6.75	-7.15	1.81957	0.909785
6.92887	-7.03035	2.44422	1.62448	6.91901	-7.04822	6.9	-7.05	2.72946	1.81964
6.92887	-7.03035	2.44422	1.62448	7.06886	-6.94012	7.05	-6.95	2.72946	1.81964
7.14737	-6.83754	2.10299	1.84162	7.12574	-6.81829	7.15	-6.85	1.81554	1.81554
7.14737	-6.83754	2.10299	1.84162	7.25262	-6.73852	7.25	-6.75	1.81554	1.81554
7.35322	-6.63645	1.98243	1.88574	7.30586	-6.61905	7.35	-6.65	1.82007	1.82007
7.35322	-6.63645	1.98243	1.88574	7.45762	-6.53827	7.45	-6.55	1.82005	1.82005
7.63668	-6.46583	2.56021	1.48626	7.59546	-6.48319	7.6	-6.5	2.72628	0.908764
7.63668	-6.46583	2.56021	1.48626	7.74315	-6.44913	7.75	-6.45	2.72628	0.908764
7.87108	-6.33401	2.33636	1.4967	7.8486	-6.40709	7.85	-6.4	1.81656	0.908285
7.87108	-6.33401	2.33636	1.4967	7.9584	-6.34152	7.95	-6.35	1.81656	0.908281
8.10608	-6.19708	2.30071	1.42547	8.05398	-6.23227	8.1	-6.25	2.73006	1.82003
8.10608	-6.19708	2.30071	1.42547	8.24773	-6.1485	8.25	-6.15	2.73005	1.82003
8.37493	-6.03307	2.44372	1.37146	8.32369	-5.98136	8.4	-6.05	2.72692	1.81795
8.37493	-6.03307	2.44372	1.37146	8.55156	-5.93992	8.55	-5.95	2.7269	1.81794
8.60923	-5.86189	2.11348	1.56645	8.63806	-5.84559	8.65	-5.85	1.81844	1.81844
8.60923	-5.86189	2.11348	1.56645	8.7543	-5.75242	8.75	-5.75	1.81843	1.81843
8.89504	-5.68339	2.38924	1.49471	9.00947	-5.71389	8.9	-5.65	2.72464	1.81643
8.89504	-5.68339	2.38924	1.49471	9.06113	-5.54128	9.05	-5.55	2.72465	1.81643
9.13209	-5.49291	2.12429	1.65894	9.13937	-5.44533	9.15	-5.45	1.81916	1.81918
9.13209	-5.49291	2.12429	1.65894	9.24452	-5.3352	9.25	-5.35	1.81916	1.81916
9.36305	-5.30527	2.18552	1.63464	9.26221	-5.25032	9.35	-5.3	1.81895	0.909466
9.36305	-5.30527	2.18552	1.63464	9.43645	-5.25801	9.45	-5.25	1.81894	0.90947
9.56191	-5.12749	1.72037	1.80632	9.71784	-5.19928	9.55	-5.1	1.81986	2.72981
9.56191	-5.12749	1.72037	1.80632	9.64908	-4.9531	9.65	-4.95	1.81987	2.72981
9.75608	-4.90454	1.78417	1.83286	9.67182	-4.82288	9.75	-4.85	1.81736	1.81735
9.75608	-4.90454	1.78417	1.83286	9.86682	-4.74721	9.85	-4.75	1.81736	1.81735
9.95388	-4.68394	1.76204	1.88289	9.94653	-4.64316	9.95	-4.65	1.81806	1.81805
9.95388	-4.68394	1.76204	1.88289	10.0706	-4.54316	10.05	-4.55	1.81805	1.81805
10.2426	-4.47402	2.37667	1.74062	10.4074	-4.52899	10.2	-4.45	2.72609	1.8174
10.2426	-4.47402	2.37667	1.74062	10.3431	-4.35107	10.35	-4.35	2.72606	1.81737
10.3785	-4.25648	1.28211	2.07256	10.3837	-4.17982	10.4	-4.2	0.908945	2.72688
10.3785	-4.25648	1.28211	2.07256	10.4578	-4.07071	10.45	-4.05	0.908953	2.72687
10.5808	-4.00199	1.77149	2.01392	10.5531	-3.94939	10.55	-3.95	1.81903	1.81904
10.5808	-4.00199	1.77149	2.01392	10.6424	-3.84126	10.65	-3.85	1.81902	1.81903
10.7588	-3.74533	1.70106	2.0944	10.6157	-3.63689	10.75	-3.7	1.81931	2.72896
10.7588	-3.74533	1.70106	2.0944	10.8572	-3.53957	10.85	-3.55	1.81931	2.72896
10.8905	-3.48002	1.29203	2.26529	10.8149	-3.35552	10.9	-3.4	0.999745	2.99928
10.8905	-3.48002	1.29203	2.26529	10.9372	-3.24816	10.95	-3.25	0.999754	2.99928
11.0724	-3.20015	1.78255	2.26166	10.9078	-3.10703	11.05	-3.15	1.81764	1.81765
11.0724	-3.20015	1.78255	2.26166	11.135	-3.05697	11.15	-3.05	1.81763	1.81764
11.1992	-2.94269	1.20422	2.36185	11.1507	-2.87978	11.2	-2.9	0.909657	2.72896
11.1992	-2.94269	1.20422	2.36185	11.2571	-2.74346	11.25	-2.75	0.909648	2.72893
11.1832	-2.67877	-0.155929	2.57659	11.2614	-2.58697	11.2	-2.6	-0.998725	2.99617
11.1832	-2.67877	-0.155929	2.57659	11.1393	-2.45312	11.15	-2.45	-0.998725	2.99616
11.2546	-2.354	0.584274	2.60447	11.2346	-2.28949	11.2	-2.3	0.908813	2.72643
11.2546	-2.354	0.584274	2.60447	11.239	-2.16508	11.25	-2.15	0.908805	2.7264
11.3284	-2.03861	0.794184	2.63966	11.1623	-1.9797	11.3	-2	0.909855	2.72956
11.3284	-2.03861	0.794184	2.63966	11.3424	-1.85113	11.35	-1.85	0.909847	2.72953
